100 0.2
0.000673668 0.0491914
0.132683 0.133445
0.183306 0.164857
0.0458109 0.0880522
0.0322517 0.040696
0.121882 0.0351079
0.0451287 0.0539637
0.138071 0.113374
0.0984523 0.0310323
0.192778 0.0617375
0.0567169 0.0811358
0.0851444 0.0856746
0.10223 0.0876415
0.00752336 0.110642
0.0289052 0.0907316
0.12858 0.0461929
0.12522 0.00401749
0.145412 0.0397051
0.0686353 0.0232847
0.102618 0.0713654
0.0799536 0.0132515
0.0813322 0.153211
0.0715243 0.0536119
0.0099866 0.00684743
0.0334096 0.101805
0.135006 0.0377422
0.112363 0.0772077
0.13562 0.0778602
0.044543 0.0288148
0.144369 0.0198489
0.0625428 0.131281
0.0619417 0.00188025
0.149021 0.16469
0.148185 0.0497095
0.193509 0.0418394
0.191832 0.0805897
0.00221944 0.0125636
0.0949834 0.1286
0.0886498 0.146795
0.180866 0.128409
0.0195286 0.149299
0.0222215 0.0777734
0.177458 0.101411
0.079528 0.0367183
0.0184146 0.0552477
0.0597138 0.114598
0.163747 0.0301841
0.0906615 0.0635414
0.153385 0.00625017
0.0710985 0.0735867
0.0916139 0.16224
0.169939 0.186914
0.0401601 0.125917
0.162225 0.0690847
0.134477 0.0872574
0.181298 0.032744
0.143414 0.0663779
0.0947526 0.178261
0.0272443 0.120291
0.19933 0.176985
0.0431524 0.0713768
0.16035 0.0431611
0.0341239 0.112782
0.0224584 0.16868
0.0657302 0.0838841
0.0501526 0.109706
0.0826067 0.0965722
0.0028344 0.133582
0.131222 0.152207
0.0256144 0.186649
0.110468 0.196941
0.0701371 0.145758
0.0713563 0.188114
0.0610735 0.151291
0.0218332 0.135925
0.193795 0.0984577
0.14121 0.15574
0.000560546 0.197042
0.122455 0.14708
0.187431 0.0141218
0.00500019 0.0944292
0.0628839 0.175305
0.165301 0.170216
0.194541 0.114152
0.122558 0.195777
0.146201 0.101972
0.104715 0.137827
0.029276 0.15061
0.159537 0.0812742
0.189881 0.149096
0.0194102 0.197572
0.0337735 0.178179
0.0027374 0.0245797
0.00414492 0.149731
0.0595962 0.0904162
0.0607317 0.19504
0.17106 0.176748
0.136732 0.195808
0.115872 0.087693
0.175345 0.0675182
0.000893499 0.0477193
0.132576 0.134129
0.184987 0.163335
0.0443784 0.0909457
0.0300909 0.0390323
0.121621 0.0356584
0.0419117 0.0485007
0.135779 0.117829
0.101591 0.0247783
0.191885 0.062978
0.0553841 0.0820351
0.0835 0.0872953
0.0983545 0.0884335
0.00681759 0.108381
0.0240347 0.0904161
0.130267 0.049571
0.118113 0.00355116
0.142454 0.039744
0.0682544 0.0220783
0.101485 0.0713105
0.0808234 0.0170942
0.0799001 0.153763
0.0688963 0.052091
0.0122576 0.00521944
0.0346008 0.101864
0.133083 0.035006
0.108255 0.0799394
0.13619 0.0729488
0.0445794 0.0283929
0.143504 0.0209531
0.0570951 0.132445
0.0629908 0.00338821
0.150462 0.166732
0.14413 0.0515025
0.190865 0.0429455
0.190223 0.0778039
0.00284747 0.0132576
0.100125 0.12818
0.0889505 0.140444
0.180907 0.126032
0.01796 0.148239
0.0215749 0.0758955
0.176546 0.0971206
0.0775743 0.0394174
0.0197039 0.0547003
0.0567535 0.119724
0.162529 0.0355267
0.0931232 0.0599596
0.155074 0.00654219
0.0646064 0.0749399
0.0917658 0.166371
0.170162 0.191471
0.0366804 0.125128
0.163807 0.0621646
0.132172 0.0858462
0.177711 0.0301587
0.139898 0.0642187
0.0958491 0.181876
0.0273519 0.117898
0.198602 0.178202
0.0409691 0.07165
0.157745 0.0465764
0.0363867 0.112376
0.0227518 0.169595
0.0696978 0.0854188
0.0495489 0.108531
0.0890382 0.0970846
0.00343382 0.136086
0.129415 0.155821
0.0206154 0.182987
0.110403 0.198709
0.0710413 0.141996
0.0729571 0.190284
0.0615048 0.150028
0.0224879 0.137485
0.192916 0.0968751
0.140324 0.152957
0.00140272 0.192479
0.121393 0.139909
0.185232 0.0153163
0.00850245 0.0934817
0.0608696 0.177782
0.165555 0.161669
0.19072 0.114731
0.119508 0.193169
0.145016 0.101241
0.110801 0.13929
0.0305241 0.15283
0.163092 0.0865252
0.189478 0.146988
0.0196021 0.196652
0.0318931 0.17176
0.000678899 0.02252
0.00326804 0.149169
0.0532409 0.0958515
0.0643549 0.196426
0.174162 0.180415
0.132089 0.196977
0.114186 0.0891989
0.174466 0.06837
0.00111333 0.0462472
0.133322 0.134867
0.186668 0.161813
0.0415294 0.0927082
0.0279302 0.0373687
0.121361 0.0362089
0.0386947 0.0430377
0.133486 0.122285
0.10473 0.0185243
0.190991 0.0642186
0.0529496 0.0833583
0.0827101 0.0881831
0.094791 0.0883025
0.00611183 0.10612
0.0199697 0.0898598
0.13173 0.0529695
0.111006 0.00308482
0.140262 0.0400529
0.0678734 0.0208718
0.0971994 0.0679513
0.0816931 0.0209369
0.0774375 0.155369
0.0662683 0.05057
0.0145593 0.0035684
0.0355085 0.0998376
0.130392 0.0319998
0.106305 0.0838599
0.135297 0.071442
0.0446159 0.027971
0.142638 0.0220573
0.0515924 0.133902
0.0640399 0.00489618
0.151903 0.168774
0.141332 0.0505103
0.188221 0.0440517
0.188615 0.075018
0.00417332 0.0107891
0.105266 0.127759
0.0902817 0.133038
0.180947 0.123655
0.0155436 0.147014
0.0209284 0.0740175
0.175727 0.0928502
0.0756206 0.0421164
0.0209932 0.0541528
0.0538484 0.124558
0.163042 0.0360246
0.0955848 0.0563777
0.156763 0.00683422
0.0589243 0.0746147
0.0919177 0.170503
0.170224 0.196868
0.0332008 0.12434
0.165389 0.0552445
0.129803 0.0848327
0.174125 0.0275734
0.136876 0.061022
0.0969456 0.18549
0.0269922 0.115961
0.197874 0.179418
0.0387858 0.0719233
0.153408 0.0548365
0.0393553 0.11365
0.0189207 0.169391
0.0729757 0.0876338
0.0484572 0.111144
0.0952798 0.0993292
0.00403324 0.13859
0.127609 0.159435
0.0156164 0.179324
0.108064 0.198602
0.0719455 0.138234
0.0776506 0.190311
0.0619362 0.148764
0.0231425 0.139045
0.192037 0.0952924
0.139439 0.150174
0.00336598 0.187917
0.123477 0.13196
0.183034 0.0165107
0.0111993 0.092775
0.0588552 0.18026
0.165804 0.153116
0.186898 0.11531
0.11873 0.18964
0.143831 0.10051
0.112888 0.141477
0.03262 0.155215
0.166554 0.0917562
0.189075 0.144881
0.019794 0.195732
0.0341371 0.166461
0.00336669 0.023646
0.00239116 0.148607
0.0488393 0.0990771
0.0648855 0.199955
0.177428 0.183248
0.127446 0.198146
0.113495 0.0928204
0.173588 0.0692218
0.00133316 0.0447751
0.137071 0.135895
0.188349 0.16029
0.0397576 0.0888646
0.0257695 0.035705
0.120748 0.0369443
0.0354776 0.0375748
0.133814 0.125993
0.107868 0.0122703
0.190636 0.0636914
0.0491257 0.0862783
0.0834439 0.0899473
0.0952093 0.086163
0.00540606 0.103858
0.0229802 0.0870965
0.129594 0.0530831
0.103899 0.00261848
0.137205 0.0362356
0.0674925 0.0196654
0.0929135 0.064592
0.0825628 0.0247796
0.074975 0.156975
0.0636402 0.0490491
0.016861 0.00191737
0.0332872 0.101642
0.128055 0.0288087
0.104437 0.0877887
0.133847 0.0746061
0.0446523 0.0275492
0.141773 0.0231615
0.0454473 0.138355
0.0650891 0.00640414
0.153343 0.170817
0.142828 0.0483826
0.185577 0.0451578
0.186468 0.0739999
0.00553292 0.00815512
0.110407 0.127339
0.0916128 0.125633
0.17912 0.124121
0.0131271 0.14579
0.0202818 0.0721395
0.179762 0.0890543
0.073667 0.0448154
0.0222826 0.0536053
0.0516089 0.126741
0.163555 0.0365224
0.0980465 0.0527959
0.158453 0.00712624
0.0546316 0.0726926
0.0920696 0.174634
0.170286 0.197735
0.0297211 0.123551
0.166971 0.0483244
0.127434 0.0838193
0.170538 0.0249881
0.134581 0.0617011
0.0980421 0.189105
0.0266326 0.114024
0.197147 0.180635
0.0366024 0.0721965
0.149072 0.0630965
0.037215 0.116051
0.015706 0.167596
0.0711334 0.0894799
0.051845 0.117322
0.101053 0.103067
0.00505046 0.139167
0.125802 0.163049
0.0104869 0.176632
0.105726 0.195914
0.0728497 0.134472
0.082344 0.190338
0.0623675 0.147501
0.0237972 0.140605
0.191159 0.0937097
0.138554 0.147391
0.00478926 0.183965
0.121387 0.124158
0.180835 0.0177051
0.00682065 0.0942753
0.0568409 0.182738
0.166053 0.144563
0.184945 0.113047
0.117952 0.18611
0.142646 0.0997793
0.113525 0.143976
0.0338481 0.152975
0.165162 0.0965128
0.188672 0.142774
0.0199859 0.194811
0.037303 0.165797
0.00602074 0.0249373
0.00109648 0.149973
0.0470955 0.0990403
0.0654161 0.196517
0.180695 0.186081
0.122803 0.199315
0.112804 0.0964419
0.17271 0.0700736
0.00155299 0.043303
0.141586 0.136491
0.19003 0.158768
0.0351826 0.0853111
0.0222595 0.0338455
0.120089 0.0377049
0.0336099 0.0323077
0.13719 0.127412
0.111007 0.00601636
0.190799 0.0614954
0.0482994 0.0886049
0.0808543 0.092217
0.0949885 0.0827478
0.00431631 0.105173
0.0259907 0.0843333
0.126975 0.0523428
0.0967913 0.00215214
0.133823 0.0308513
0.0671115 0.018459
0.0886277 0.0612328
0.0834326 0.0286223
0.0725124 0.15858
0.0610122 0.0475281
0.0191627 0.000266337
0.0308505 0.103725
0.125716 0.0255615
0.106462 0.0923995
0.133688 0.0785647
0.0446887 0.0271273
0.140916 0.0242561
0.0398871 0.142158
0.0661382 0.0079121
0.154784 0.172859
0.144685 0.0478623
0.182933 0.046264
0.183803 0.0746506
0.00689251 0.00552117
0.113139 0.128731
0.092944 0.118228
0.176652 0.125578
0.0124008 0.146093
0.0196353 0.0702616
0.183829 0.0850891
0.0717133 0.0475145
0.0235719 0.0530579
0.0494318 0.133183
0.162809 0.0345027
0.100508 0.049214
0.160142 0.00741827
0.0503388 0.0707705
0.0922215 0.178766
0.170348 0.192338
0.0257835 0.123092
0.169811 0.043922
0.123565 0.0842234
0.166951 0.0224028
0.132979 0.0610221
0.0955003 0.189616
0.0262706 0.112091
0.196419 0.181851
0.0344191 0.0724697
0.144735 0.0713566
0.0349442 0.118231
0.0146261 0.162012
0.0692911 0.0913259
0.0557634 0.119116
0.10643 0.107213
0.00453092 0.137539
0.123996 0.166662
0.00778266 0.172315
0.107333 0.196305
0.0737538 0.130709
0.0867304 0.190388
0.0627989 0.146238
0.0244518 0.142165
0.190469 0.0922984
0.137408 0.146416
0.00165255 0.185429
0.118152 0.115454
0.178637 0.0188996
0.00282594 0.0922001
0.0548266 0.185216
0.166302 0.13601
0.183632 0.109793
0.117174 0.182581
0.141461 0.0990486
0.114162 0.146475
0.0339494 0.148612
0.163549 0.101267
0.188268 0.140666
0.0201778 0.193891
0.0410063 0.167921
0.00867478 0.0262287
0.000351566 0.152015
0.0453752 0.0990241
0.0659467 0.192988
0.183961 0.188913
0.11816 0.199516
0.112579 0.0997431
0.171831 0.0709254
0.00177282 0.0418308
0.147421 0.136517
0.191712 0.157246
0.037357 0.0825927
0.018778 0.0321072
0.11943 0.0384655
0.0319565 0.0270663
0.139705 0.126621
0.114145 0.000237617
0.190962 0.0592994
0.0480836 0.0903965
0.0782647 0.0944866
0.0945852 0.0792826
0.00318154 0.10702
0.0218397 0.0807987
0.124357 0.0516025
0.0896841 0.00168581
0.130441 0.0283136
0.066798 0.0188768
0.0843418 0.0578735
0.0843023 0.0324649
0.0700499 0.160186
0.0583842 0.0460072
0.0214644 0.0013847
0.0303712 0.102242
0.121496 0.0210808
0.106765 0.094789
0.132346 0.0825815
0.0447251 0.0267054
0.141941 0.0237377
0.0380449 0.139776
0.0671198 0.00779576
0.156225 0.174902
0.146543 0.0473419
0.181404 0.0479447
0.180595 0.0716322
0.00825211 0.00288722
0.11455 0.131182
0.0942752 0.110822
0.175538 0.126521
0.012454 0.146821
0.0189887 0.0683836
0.187036 0.0833681
0.0697597 0.0502135
0.0248613 0.0525104
0.0505864 0.138041
0.160551 0.0295551
0.10297 0.0456322
0.161831 0.00771029
0.0460461 0.0688484
0.0919934 0.182379
0.170411 0.186941
0.0212369 0.123091
0.173049 0.0418728
0.11838 0.0858307
0.163364 0.0198175
0.131376 0.0603431
0.100296 0.188873
0.0239601 0.11369
0.195691 0.183068
0.0322358 0.0727429
0.142897 0.0783552
0.0332736 0.119988
0.0143385 0.155592
0.0674488 0.093172
0.059685 0.120871
0.107699 0.114276
0.00316154 0.135132
0.122189 0.170276
0.00435636 0.169186
0.105412 0.196368
0.074658 0.126947
0.082828 0.191155
0.0632302 0.144974
0.0241282 0.142487
0.191213 0.0923134
0.135803 0.148222
0.00148416 0.186892
0.118895 0.10984
0.176438 0.020094
0.00112375 0.0895921
0.0528123 0.187693
0.165197 0.12797
0.182319 0.106538
0.116396 0.179051
0.140277 0.0983178
0.1148 0.148974
0.0279761 0.153297
0.161936 0.106022
0.187865 0.138559
0.0203696 0.192971
0.0447096 0.170045
0.0110859 0.0273731
0.00179962 0.154058
0.0434562 0.0994792
0.0664773 0.18946
0.187228 0.191746
0.118376 0.199732
0.115711 0.0982504
0.170922 0.071776
0.00199265 0.0403587
0.153256 0.136542
0.193393 0.155724
0.0403321 0.0799613
0.0209919 0.0338661
0.118772 0.0392261
0.0303031 0.0218249
0.142221 0.125831
0.117284 0.00649159
0.191124 0.0571034
0.0482837 0.0912227
0.0756751 0.0967563
0.094182 0.0758173
0.00204677 0.108867
0.0168881 0.0771771
0.121738 0.0508622
0.0825769 0.00121947
0.126977 0.0260013
0.0665286 0.0204781
0.080056 0.0545143
0.085172 0.0363076
0.0675873 0.161792
0.0557561 0.0444862
0.023766 0.00303573
0.0301152 0.100353
0.117165 0.0165276
0.104417 0.0963572
0.126953 0.0886069
0.0447616 0.0262835
0.14316 0.0230665
0.0326889 0.139003
0.0680574 0.00649598
0.157666 0.176944
0.1484 0.0468215
0.183109 0.051386
0.17934 0.0671775
0.0096117 0.000253272
0.11596 0.133632
0.0956063 0.103417
0.178646 0.12602
0.0109917 0.140393
0.0183422 0.0665056
0.190084 0.0821685
0.067806 0.0529125
0.0261506 0.051963
0.0550287 0.14116
0.157787 0.0264731
0.105432 0.0420503
0.16376 0.0068076
0.0417533 0.0669263
0.0911993 0.185244
0.170473 0.181544
0.0163101 0.12438
0.173053 0.038063
0.112784 0.0812137
0.160045 0.0165613
0.129773 0.0596641
0.102543 0.183892
0.0218064 0.114405
0.194963 0.184284
0.0300525 0.0730162
0.14511 0.0833452
0.0316029 0.121745
0.0144475 0.156118
0.0656065 0.0950181
0.0636067 0.122627
0.107145 0.121511
0.00179215 0.132726
0.123201 0.170376
0.00093007 0.166057
0.104061 0.199383
0.0755622 0.123185
0.0787199 0.191943
0.0639242 0.143801
0.0228451 0.141552
0.192361 0.093155
0.134197 0.150027
0.00462087 0.188355
0.123757 0.112838
0.17424 0.0212885
0.00507345 0.0869841
0.050798 0.190171
0.15987 0.121375
0.181007 0.103284
0.112801 0.179036
0.139092 0.0975871
0.115437 0.151473
0.0240446 0.159487
0.160323 0.110776
0.187462 0.136452
0.0205615 0.192051
0.0484129 0.172169
0.0078017 0.0250204
0.00324767 0.156101
0.0411215 0.1009
0.0670079 0.185931
0.190495 0.194579
0.121343 0.199273
0.119609 0.0950202
0.167816 0.0727148
0.00221248 0.0388866
0.159092 0.136568
0.195074 0.154201
0.0433072 0.0773299
0.0233431 0.0357107
0.118113 0.0399867
0.0286497 0.0165835
0.144714 0.125048
0.121793 0.00507703
0.194314 0.0567942
0.0484837 0.0920489
0.0733758 0.0990848
0.0937787 0.0723521
0.000912005 0.110714
0.0119364 0.0735556
0.11912 0.050122
0.0760892 0.000386496
0.123513 0.0236891
0.0662593 0.0220795
0.0757701 0.051155
0.0860418 0.0401503
0.0651248 0.163398
0.0531281 0.0429652
0.0260677 0.00468676
0.0297554 0.0984277
0.111463 0.0196428
0.106253 0.095465
0.127995 0.0884127
0.044798 0.0258617
0.144378 0.0223952
0.0301995 0.13742
0.0683754 0.00556284
0.159107 0.178987
0.150258 0.0463012
0.181787 0.0529405
0.178237 0.0627088
0.0109713 0.00238068
0.117371 0.136083
0.0925338 0.098428
0.181754 0.12552
0.00945948 0.134073
0.0176956 0.0646277
0.193128 0.0809606
0.0658524 0.0556116
0.0274399 0.0514155
0.0546675 0.142806
0.154611 0.0251611
0.107893 0.0384685
0.166341 0.00293202
0.0374605 0.0650042
0.0904053 0.188109
0.170535 0.176147
0.011425 0.125484
0.173057 0.0342532
0.106824 0.0724806
0.156484 0.014508
0.128171 0.0589851
0.0993925 0.180521
0.0196722 0.11506
0.194235 0.1855
0.0278692 0.0732894
0.147323 0.0883352
0.0299322 0.123501
0.0144472 0.155795
0.0634739 0.0968053
0.0675283 0.124382
0.106591 0.128745
0.000397504 0.130309
0.125313 0.169138
0.00199651 0.16649
0.102815 0.194946
0.0764663 0.119422
0.0746118 0.192732
0.0694218 0.144102
0.0186955 0.141427
0.193512 0.0940048
0.132592 0.151832
0.00775758 0.189818
0.128618 0.115836
0.172041 0.0224829
0.00902314 0.0843761
0.0487837 0.192649
0.153296 0.122655
0.179694 0.10003
0.113396 0.17856
0.137907 0.0968563
0.116075 0.153972
0.0241143 0.166532
0.159979 0.107648
0.187059 0.134344
0.0207534 0.191131
0.0521162 0.174293
0.00438009 0.0225819
0.00215688 0.154725
0.0388906 0.102356
0.0675385 0.182403
0.193761 0.197412
0.12431 0.198279
0.117655 0.102169
0.164558 0.0736676
0.00243231 0.0374145
0.164927 0.136594
0.196755 0.152679
0.0462823 0.0746985
0.0256944 0.0375554
0.118641 0.0399176
0.0273032 0.0150483
0.137883 0.126757
0.126681 0.00188638
0.198116 0.0568476
0.0486837 0.0928751
0.0714239 0.101484
0.0929794 0.0690711
0.000222762 0.112561
0.00698481 0.0699341
0.116539 0.0505994
0.0751804 0.00387482
0.120049 0.0213768
0.0659899 0.0236808
0.0714843 0.0477957
0.0869115 0.043993
0.0626622 0.165004
0.0505001 0.0414443
0.0280626 0.00263156
0.0287389 0.0962572
0.105383 0.0245342
0.110408 0.0933581
0.130316 0.0869433
0.0448344 0.0254398
0.142873 0.020876
0.0286573 0.135564
0.0631146 0.00810841
0.160548 0.181029
0.152115 0.0457808
0.181359 0.0503815
0.175627 0.0619911
0.0123309 0.00501463
0.118781 0.138534
0.0871427 0.0946541
0.183893 0.123134
0.00672379 0.135653
0.0170491 0.0627497
0.196172 0.0797528
0.0638987 0.0583106
0.0287293 0.050868
0.0542083 0.144425
0.15405 0.025219
0.10913 0.0344986
0.168922 0.00094356
0.0331678 0.0630821
0.0896112 0.190974
0.170597 0.17075
0.00830398 0.118724
0.173494 0.0321419
0.10126 0.0635634
0.153032 0.0119327
0.126568 0.0583061
0.0934524 0.178058
0.0175728 0.1157
0.193507 0.186717
0.0256859 0.0735626
0.149536 0.0933253
0.0282616 0.125258
0.0174925 0.155376
0.0609938 0.0985214
0.0714499 0.126137
0.106037 0.135979
0.00126976 0.127099
0.127426 0.1679
0.0044367 0.168721
0.101569 0.19051
0.0773705 0.11566
0.0705037 0.19352
0.0750173 0.144428
0.0145109 0.142344
0.194663 0.0948546
0.130987 0.153637
0.0108943 0.191282
0.133445 0.118785
0.169409 0.0219788
0.0129728 0.0817682
0.0467694 0.195127
0.155628 0.123979
0.178381 0.096776
0.116781 0.177175
0.136722 0.0961255
0.116712 0.15647
0.024184 0.173577
0.160088 0.102033
0.187623 0.134122
0.0209453 0.190211
0.0558195 0.176417
0.000958484 0.0201434
0.0013162 0.151646
0.0373165 0.104058
0.0680691 0.178874
0.197028 0.199755
0.127277 0.197284
0.114422 0.110594
0.161299 0.0746203
0.00265214 0.0359424
0.170762 0.136619
0.198436 0.151157
0.0492574 0.072067
0.0280457 0.0394
0.11983 0.0394475
0.0262175 0.0170417
0.132818 0.134125
0.131568 0.00130428
0.198082 0.0569009
0.0488838 0.0937013
0.0694721 0.103884
0.0903018 0.0667429
0.000667328 0.109268
0.00203318 0.0663126
0.113971 0.051703
0.0742755 0.00813334
0.116585 0.0190645
0.0657205 0.0252821
0.0671984 0.0444365
0.0877812 0.0478356
0.0601997 0.166609
0.047872 0.0399233
0.0297965 0.00295219
0.0277223 0.0940866
0.0978844 0.0275464
0.114563 0.0912512
0.132637 0.0854738
0.0448708 0.0250179
0.139948 0.0189079
0.0272322 0.136227
0.0578498 0.0106568
0.161988 0.183071
0.153973 0.0452604
0.181501 0.046424
0.172448 0.062672
0.0136905 0.00764858
0.120192 0.140984
0.0817516 0.0908802
0.185626 0.119938
0.00180509 0.135566
0.0164026 0.0608718
0.199216 0.0785449
0.061945 0.0610096
0.0300186 0.0503206
0.0537492 0.146045
0.154908 0.025726
0.111114 0.0321828
0.171503 0.00481914
0.028875 0.0611599
0.0888171 0.193839
0.17066 0.165354
0.00919973 0.117286
0.174579 0.0324677
0.0975743 0.0536933
0.149579 0.00935733
0.124965 0.0576271
0.0875123 0.175596
0.0200019 0.115414
0.192779 0.187933
0.0237684 0.0736306
0.150615 0.0981232
0.0264739 0.124497
0.0205379 0.154956
0.0585138 0.100237
0.0753716 0.127892
0.105483 0.143213
0.00207974 0.124138
0.129538 0.166663
0.0068769 0.170953
0.100323 0.186073
0.0782747 0.111898
0.0663956 0.194308
0.0806127 0.144755
0.0130394 0.145355
0.195814 0.0957044
0.129381 0.155442
0.0121819 0.193066
0.135617 0.116293
0.16613 0.0190377
0.0166566 0.0793654
0.044755 0.197604
0.15885 0.125085
0.177069 0.0935219
0.120166 0.17579
0.135537 0.0953948
0.11735 0.158969
0.024286 0.180426
0.16133 0.0966098
0.188596 0.13471
0.0229539 0.189165
0.059435 0.178563
0.00246312 0.0177049
0.00462961 0.148637
0.0357424 0.10576
0.0686875 0.175324
0.199706 0.196922
0.130244 0.196289
0.11119 0.119018
0.158041 0.0755731
0.00287197 0.0344703
0.176597 0.136645
0.199883 0.149635
0.0522325 0.0694356
0.0302727 0.0403535
0.121018 0.0389773
0.0251319 0.019035
0.129775 0.141142
0.136455 0.00449493
0.19428 0.0569542
0.0490838 0.0945275
0.0675203 0.106284
0.0876243 0.0644148
0.00221082 0.104201
0.00291845 0.062691
0.111402 0.0528066
0.0733707 0.0123919
0.113121 0.0167523
0.0654511 0.0268834
0.0629126 0.0410772
0.08386 0.0506554
0.0577371 0.168215
0.045244 0.0384024
0.0315304 0.00853593
0.0267058 0.0919161
0.0897889 0.029813
0.118719 0.0891443
0.134958 0.0840044
0.0449073 0.024596
0.137024 0.0169397
0.0258565 0.137931
0.052585 0.0132052
0.163429 0.185114
0.155831 0.0447401
0.181643 0.0424664
0.169269 0.063353
0.0150501 0.0102825
0.119719 0.144155
0.0763605 0.0871063
0.187358 0.116742
0.00311361 0.13548
0.015338 0.0589827
0.19774 0.077337
0.0599914 0.0637087
0.0314322 0.0506642
0.0532901 0.147664
0.155765 0.0262329
0.113694 0.0306125
0.174084 0.00869472
0.0250003 0.0592489
0.088023 0.196705
0.170722 0.159957
0.0124356 0.115604
0.175663 0.0327935
0.0986795 0.0448461
0.146127 0.00678199
0.123363 0.0569481
0.0815722 0.173133
0.0245209 0.112823
0.190531 0.18727
0.0266526 0.0698648
0.149112 0.102554
0.0253811 0.124548
0.0235832 0.154537
0.0560337 0.101954
0.0792932 0.129648
0.104929 0.150448
0.000538781 0.123645
0.131823 0.166066
0.0093171 0.173185
0.0990773 0.181637
0.0791788 0.108135
0.0622876 0.195097
0.0862082 0.145082
0.0176288 0.146021
0.196965 0.0965543
0.127603 0.156606
0.0128687 0.194963
0.137649 0.113432
0.16285 0.0160965
0.0155389 0.0807965
0.0427407 0.199918
0.162072 0.12619
0.175756 0.0902677
0.12355 0.174406
0.134352 0.094664
0.117987 0.161468
0.025592 0.179291
0.165154 0.0915542
0.189569 0.135298
0.0243595 0.195992
0.0618649 0.181078
0.00588473 0.0152664
0.00188209 0.147972
0.0341683 0.107461
0.0704915 0.171404
0.19796 0.195968
0.133211 0.195294
0.107957 0.127442
0.154783 0.0765259
0.0030918 0.0329982
0.181583 0.136755
0.198201 0.148112
0.0502712 0.0702887
0.0322797 0.0396974
0.122206 0.0385071
0.0240463 0.0210284
0.132122 0.146163
0.133873 0.00575159
0.190478 0.0570075
0.0489096 0.0948749
0.0655685 0.108683
0.0849467 0.0620867
0.0037543 0.0991344
0.00370319 0.0606002
0.108834 0.0539102
0.0724658 0.0166504
0.109657 0.01444
0.0651817 0.0284847
0.0586267 0.037718
0.0778109 0.0530915
0.0552746 0.169821
0.042616 0.0368814
0.0332644 0.0141197
0.0256892 0.0897455
0.0816933 0.0320796
0.122874 0.0870374
0.137279 0.082535
0.0448202 0.0245186
0.134092 0.0157423
0.0258969 0.137633
0.0474436 0.0154091
0.16487 0.187156
0.157688 0.0442197
0.182881 0.039994
0.166089 0.0640339
0.0188675 0.0119129
0.113857 0.149321
0.0709695 0.0833324
0.18909 0.113546
0.00803231 0.135393
0.0151765 0.0554623
0.194696 0.0761292
0.0629742 0.0629232
0.0330726 0.0526131
0.0528309 0.149284
0.156623 0.0267399
0.116275 0.0290423
0.176666 0.0125703
0.0243825 0.057443
0.0872289 0.19957
0.170784 0.15456
0.0155361 0.11397
0.175653 0.0316342
0.101913 0.0363824
0.150153 0.0053699
0.12176 0.0562691
0.0800281 0.17184
0.0241334 0.110736
0.18684 0.184831
0.0296301 0.0660212
0.147778 0.106897
0.0248422 0.12606
0.027351 0.155211
0.0539278 0.104148
0.0832149 0.131403
0.104375 0.157682
0.00100217 0.123152
0.134457 0.166685
0.0117573 0.175417
0.0978314 0.1772
0.080083 0.104373
0.0581795 0.195885
0.0918037 0.145408
0.0202939 0.147523
0.198116 0.0974041
0.125477 0.156555
0.0135555 0.19686
0.139514 0.11066
0.159571 0.0131554
0.0143277 0.0823052
0.0407264 0.19744
0.165294 0.127296
0.177958 0.0867332
0.126935 0.173021
0.133168 0.0939333
0.118624 0.163967
0.02694 0.177848
0.165463 0.086779
0.191391 0.135801
0.0257229 0.196875
0.0642849 0.183598
0.00684856 0.0138314
0.00107961 0.147381
0.0370822 0.107151
0.0679094 0.166311
0.197656 0.196791
0.136178 0.194299
0.104724 0.135867
0.151525 0.0774786
0.00331163 0.0315261
0.182525 0.137264
0.19652 0.14659
0.0474426 0.0717419
0.0319008 0.0399006
0.123395 0.038037
0.0230874 0.0234617
0.134468 0.151184
0.129581 0.00381365
0.186676 0.0570608
0.0485338 0.094959
0.0636167 0.111083
0.0822692 0.0597586
0.00529779 0.0940674
0.00016773 0.0601158
0.106265 0.0550138
0.0715609 0.0209089
0.106193 0.0121277
0.0649123 0.030086
0.0543409 0.0343587
0.0721229 0.0551509
0.052812 0.171427
0.0418515 0.03674
0.0349983 0.0197034
0.0246727 0.0875749
0.0735978 0.0343462
0.127002 0.0848901
0.139514 0.0810924
0.0440191 0.026062
0.131145 0.0175023
0.0277414 0.136286
0.0435389 0.0137533
0.166311 0.189199
0.159546 0.0436993
0.185415 0.0392576
0.16291 0.0647148
0.0236375 0.0126772
0.107995 0.154488
0.0655784 0.0795585
0.190822 0.11035
0.012951 0.135306
0.0154114 0.0494381
0.191652 0.0749213
0.0664632 0.0619144
0.0364581 0.0537039
0.0523718 0.150903
0.157481 0.0272468
0.118855 0.027472
0.179247 0.0164459
0.0249287 0.0559553
0.0864348 0.197565
0.170846 0.149163
0.0135184 0.114274
0.174346 0.0287389
0.105146 0.0279188
0.153736 0.00131629
0.120157 0.05559
0.0809672 0.171238
0.0266237 0.107689
0.183149 0.182392
0.0336223 0.0636149
0.151902 0.108742
0.0240106 0.126443
0.0317906 0.156889
0.0520235 0.106607
0.0871365 0.133158
0.103821 0.164916
0.00254313 0.122659
0.138361 0.16626
0.0141975 0.177649
0.0965856 0.172764
0.0809872 0.100611
0.0540714 0.196673
0.0943197 0.147536
0.0207757 0.150199
0.199267 0.0982539
0.123351 0.156503
0.0142423 0.198756
0.13592 0.110385
0.158459 0.0130929
0.0131166 0.083814
0.0387121 0.194962
0.168515 0.128401
0.181901 0.0830683
0.129049 0.172681
0.13201 0.0932429
0.119262 0.166466
0.0282881 0.176406
0.164031 0.0821342
0.197257 0.135906
0.0270863 0.189741
0.0667049 0.186117
0.00673301 0.0128226
0.00404131 0.14679
0.0422364 0.105863
0.0628441 0.160527
0.197353 0.197614
0.139146 0.193304
0.10457 0.14249
0.148353 0.0784045
0.00353146 0.030054
0.183467 0.137772
0.194785 0.145255
0.044614 0.0731951
0.0301098 0.0406252
0.124583 0.0375668
0.0222163 0.026215
0.136815 0.156205
0.125289 0.00187571
0.182874 0.0571141
0.048158 0.095043
0.0630475 0.114153
0.0795916 0.0574305
0.00509672 0.0907853
0.00336773 0.0596315
0.103697 0.0561174
0.0706561 0.0251674
0.102729 0.00981547
0.0598694 0.028966
0.0506845 0.0319324
0.0722112 0.0505809
0.0503495 0.173033
0.0414154 0.0407856
0.0340733 0.0242625
0.0236561 0.0854044
0.0702757 0.0393341
0.127841 0.0819047
0.138908 0.080796
0.0463243 0.0230169
0.128198 0.0192624
0.0301485 0.137012
0.039641 0.0120694
0.167752 0.191241
0.161403 0.043179
0.187948 0.0385212
0.159731 0.0653957
0.0283197 0.0131215
0.102133 0.159654
0.0601788 0.0758058
0.192554 0.107153
0.0178697 0.135219
0.0154316 0.0433534
0.190292 0.0717291
0.0641844 0.0675138
0.0408584 0.0527408
0.049963 0.151306
0.158338 0.0277537
0.121436 0.0259018
0.181828 0.0203214
0.024835 0.0542234
0.0856407 0.1947
0.170909 0.143766
0.0112976 0.114657
0.173039 0.0258435
0.108379 0.0194552
0.155379 0.00540668
0.118555 0.054911
0.0819063 0.170635
0.0293172 0.104562
0.179458 0.179952
0.0374543 0.0635671
0.156182 0.110526
0.0226165 0.124752
0.0362302 0.158567
0.0540189 0.109204
0.0910582 0.134913
0.10686 0.169813
0.00408408 0.122167
0.14245 0.165685
0.0166377 0.179881
0.0917469 0.170665
0.0818913 0.0968485
0.0499633 0.197461
0.0897093 0.153769
0.0212575 0.152875
0.199582 0.0991037
0.121225 0.156452
0.0149291 0.199347
0.13217 0.110171
0.159287 0.0156997
0.0136501 0.0835379
0.0366978 0.192485
0.171737 0.129507
0.184161 0.0813878
0.130977 0.172489
0.131635 0.0938525
0.119899 0.168965
0.0297846 0.173845
0.162599 0.0774893
0.196931 0.135824
0.0283013 0.183725
0.0691249 0.188636
0.00661746 0.0118138
0.00700301 0.146198
0.0421083 0.103766
0.0597284 0.15596
0.197049 0.198437
0.142113 0.192309
0.111543 0.145008
0.150529 0.0777224
0.00375129 0.0285818
0.184019 0.138484
0.19247 0.146234
0.0417854 0.0746482
0.0283188 0.0413498
0.125771 0.0370966
0.0213452 0.0289683
0.138135 0.16013
0.120997 6.22327e-05
0.179072 0.0571674
0.0480685 0.0948118
0.0666693 0.119294
0.0793188 0.0580054
0.00201264 0.0904057
0.0069032 0.0591471
0.101128 0.057221
0.0697512 0.0294259
0.0992655 0.0075032
0.0568079 0.0262994
0.0469215 0.0347946
0.0719878 0.0486679
0.0478869 0.174639
0.0405068 0.0428089
0.0315953 0.0282642
0.0256309 0.083935
0.0657525 0.0391539
0.123932 0.0797105
0.142679 0.0797728
0.0474932 0.016293
0.129115 0.0170906
0.0325556 0.137738
0.0407229 0.00932214
0.169192 0.193284
0.163261 0.0426586
0.190482 0.0377848
0.156095 0.0651493
0.0280221 0.0146291
0.0974112 0.163749
0.0516942 0.0776155
0.192108 0.106364
0.0227884 0.135132
0.0154518 0.0372687
0.191386 0.0655889
0.0649131 0.0676531
0.0459911 0.0529238
0.0429257 0.148886
0.159065 0.029066
0.120152 0.0282634
0.184409 0.024197
0.0247414 0.0524916
0.0848466 0.191835
0.170834 0.138709
0.0103881 0.113463
0.171732 0.0229481
0.111612 0.0109915
0.156151 0.0100446
0.116952 0.054232
0.0769545 0.170088
0.0315766 0.101431
0.175767 0.177513
0.0410263 0.0643955
0.160463 0.11231
0.0212224 0.123062
0.0406698 0.160244
0.0528939 0.109921
0.0949798 0.136669
0.111237 0.173891
0.00431377 0.123252
0.147566 0.166208
0.0190779 0.182112
0.0902996 0.170405
0.0827955 0.0930862
0.0458553 0.19825
0.0850989 0.160001
0.0217394 0.155552
0.199392 0.0975472
0.119167 0.156723
0.0156159 0.19745
0.128419 0.109957
0.161116 0.0195863
0.0140752 0.0796581
0.0346902 0.190016
0.175096 0.130272
0.183966 0.0826553
0.132906 0.172298
0.13128 0.0945007
0.120557 0.171459
0.0318885 0.16681
0.162037 0.0736368
0.192088 0.133224
0.0289021 0.182175
0.071545 0.191155
0.0065019 0.010805
0.00996471 0.145607
0.0410573 0.101796
0.0612413 0.154216
0.196745 0.19926
0.14508 0.191314
0.118449 0.147205
0.152642 0.0770723
0.00397113 0.0271097
0.181497 0.140954
0.19015 0.14724
0.035326 0.0747298
0.026654 0.0415597
0.12696 0.0366265
0.020981 0.0270629
0.138496 0.16306
0.120947 0.00189081
0.17527 0.0572207
0.0496028 0.0928784
0.070291 0.124436
0.0817304 0.0618435
0.00107144 0.0900261
0.0104387 0.0586628
0.0985596 0.0583246
0.0702265 0.0317228
0.0958016 0.00519093
0.054058 0.023504
0.0447489 0.0354154
0.0702168 0.0464931
0.0454244 0.176244
0.0371072 0.0448803
0.0325124 0.0324984
0.0285883 0.0827054
0.0587122 0.037934
0.120022 0.0775163
0.144133 0.0793751
0.0512499 0.0122051
0.130535 0.0143952
0.036084 0.137468
0.0420166 0.00330438
0.170633 0.195326
0.165151 0.042181
0.193016 0.0370484
0.15119 0.0624315
0.024925 0.0167713
0.0983777 0.162506
0.04653 0.0812903
0.190523 0.106829
0.0261801 0.134577
0.0115701 0.0356103
0.19248 0.0594487
0.0659522 0.0672989
0.0517129 0.0554287
0.0362939 0.14793
0.158926 0.0349745
0.118365 0.0311486
0.186991 0.0280726
0.0245216 0.0512745
0.0840525 0.18897
0.16902 0.137455
0.0101334 0.111467
0.173561 0.0207158
0.110603 0.00681579
0.15583 0.0124663
0.115349 0.053553
0.0707375 0.169557
0.0295227 0.0982
0.172076 0.175073
0.0445983 0.0652239
0.164743 0.114094
0.0198283 0.121372
0.0451094 0.161922
0.0517689 0.110638
0.0989014 0.138424
0.11285 0.178747
0.00388865 0.12514
0.15364 0.167724
0.0194291 0.184469
0.0844297 0.175467
0.0836997 0.0893239
0.0417472 0.199038
0.0804885 0.166234
0.0222212 0.158228
0.197226 0.0947359
0.117607 0.16035
0.0163027 0.195553
0.124669 0.109744
0.161737 0.0203871
0.0135177 0.0755386
0.0341088 0.189585
0.180194 0.127235
0.183772 0.0839228
0.134835 0.172106
0.130925 0.0951489
0.123979 0.173176
0.0339924 0.159774
0.164387 0.0717056
0.190325 0.12884
0.0301657 0.178462
0.073965 0.193675
0.00638635 0.00979621
0.0129264 0.145016
0.042696 0.101628
0.0627543 0.152471
0.196442 0.199917
0.148047 0.190319
0.124856 0.146045
0.155429 0.0763467
0.00417612 0.0255932
0.178974 0.143424
0.18783 0.148246
0.0296561 0.0704992
0.0251533 0.0397685
0.128148 0.0361563
0.0183618 0.0270379
0.139976 0.163197
0.124891 0.0070652
0.171468 0.057274
0.0513357 0.0907477
0.0739128 0.129578
0.084142 0.0656816
0.00415552 0.0896465
0.0139741 0.0581784
0.0959911 0.0594282
0.0712956 0.0332146
0.0923377 0.00287866
0.0513082 0.0207086
0.0436689 0.0347765
0.0684459 0.0443183
0.0429618 0.17785
0.0330096 0.0478211
0.0343032 0.0367245
0.029461 0.0852809
0.0522729 0.0378649
0.116113 0.0753221
0.144577 0.0792502
0.0554304 0.00854662
0.132846 0.0124264
0.039096 0.132406
0.0428865 0.00314275
0.172074 0.197369
0.169192 0.0440815
0.196886 0.0378952
0.146285 0.0597136
0.0231479 0.0155858
0.0993442 0.161263
0.0426552 0.0854669
0.188938 0.107294
0.0289024 0.133846
0.00654872 0.0352508
0.193574 0.0533084
0.0669913 0.0669447
0.0574348 0.0579337
0.0306193 0.144989
0.156636 0.0385048
0.116578 0.0340337
0.188235 0.030365
0.0237638 0.0523038
0.0840909 0.188948
0.16719 0.136227
0.00987867 0.10947
0.177516 0.0189168
0.104709 0.0075141
0.153711 0.0124568
0.113747 0.052874
0.0645204 0.169026
0.0274469 0.0949674
0.168386 0.172634
0.0481704 0.0660524
0.169024 0.115877
0.0184341 0.119682
0.049549 0.163599
0.050644 0.111355
0.102823 0.140179
0.114206 0.183681
0.00346352 0.127027
0.159714 0.169241
0.0199971 0.185049
0.0784816 0.179599
0.0846038 0.0855616
0.0376391 0.199826
0.0751238 0.170553
0.0227031 0.160904
0.19506 0.0919246
0.116047 0.163979
0.0164204 0.195469
0.120919 0.10953
0.16203 0.0231858
0.0129602 0.0714191
0.0337207 0.189444
0.180029 0.123367
0.183577 0.0851904
0.137008 0.174599
0.13057 0.095797
0.126296 0.174924
0.0363252 0.159691
0.167207 0.0695022
0.19384 0.12526
0.0315882 0.174424
0.076385 0.196194
0.00627079 0.00878741
0.0158881 0.144424
0.0441638 0.101665
0.0642672 0.150726
0.196138 0.199095
0.151014 0.189324
0.131263 0.144883
0.158755 0.0756206
0.00425578 0.0236556
0.1762 0.145772
0.185762 0.149374
0.0246121 0.0650282
0.0202087 0.0391521
0.129336 0.0356861
0.0149363 0.0290384
0.141636 0.16288
0.123413 0.00806151
0.167666 0.0573273
0.0530921 0.0886374
0.0775345 0.13472
0.0865535 0.0695197
0.0072396 0.0892669
0.014235 0.0592145
0.0934226 0.0605318
0.0725351 0.0344258
0.0888737 0.000566397
0.0485583 0.0179132
0.0409096 0.0301469
0.0665044 0.0424242
0.0404992 0.179456
0.0325268 0.04995
0.0321607 0.0400064
0.0308938 0.0841306
0.0549612 0.0406729
0.112204 0.0731279
0.145022 0.0791253
0.059611 0.00488812
0.140579 0.0146357
0.042253 0.127353
0.0437564 0.00958988
0.173515 0.199411
0.173374 0.0461211
0.198389 0.0396416
0.141381 0.0569958
0.022177 0.0123749
0.100311 0.16002
0.0389508 0.0897225
0.187353 0.107759
0.0319287 0.130167
0.00165272 0.0353124
0.194547 0.0474008
0.0687537 0.0674142
0.0624333 0.059615
0.0265132 0.140557
0.154205 0.0418961
0.114791 0.0369189
0.188505 0.0315252
0.0228051 0.0526398
0.0862897 0.192737
0.165361 0.134999
0.00962397 0.107474
0.18147 0.0171178
0.0988148 0.00821241
0.151593 0.0124472
0.112144 0.052195
0.0598145 0.169704
0.023991 0.0966016
0.173186 0.173501
0.0517424 0.0668808
0.170368 0.116064
0.01704 0.117991
0.0515232 0.163978
0.049519 0.112072
0.106745 0.141934
0.115561 0.188614
0.0030384 0.128915
0.157297 0.16745
0.0212855 0.183351
0.0730634 0.184392
0.085508 0.0817993
0.033531 0.199386
0.0687811 0.169829
0.0231849 0.163581
0.192894 0.0891134
0.114487 0.167608
0.0158178 0.197662
0.117169 0.109316
0.162322 0.0259846
0.0121925 0.0681675
0.0333327 0.189303
0.181173 0.12085
0.183383 0.0864579
0.14076 0.177411
0.130216 0.0964452
0.126855 0.176806
0.0389289 0.163354
0.170248 0.0671694
0.198983 0.121927
0.0329516 0.170465
0.078047 0.199375
0.00615524 0.00777862
0.0166203 0.144439
0.0456316 0.101701
0.0657801 0.148982
0.195835 0.198272
0.153981 0.188329
0.13767 0.143722
0.161861 0.0750238
0.00433544 0.0217181
0.173277 0.14805
0.183842 0.150572
0.020043 0.0611772
0.0154279 0.0395341
0.130525 0.035216
0.0110573 0.0301045
0.143296 0.162564
0.121935 0.00905782
0.163864 0.0573806
0.0548486 0.0865271
0.0811562 0.139861
0.089556 0.0704672
0.0103237 0.0888873
0.0116994 0.0548598
0.0909737 0.061142
0.0744662 0.0345384
0.0854098 0.00174587
0.0501288 0.0221925
0.0384524 0.0254103
0.0665709 0.0416357
0.0380942 0.180974
0.0357409 0.0538661
0.0302037 0.0399035
0.0310673 0.0809957
0.05495 0.0434737
0.108294 0.0709338
0.145466 0.0790004
0.0637915 0.00122961
0.142987 0.0187641
0.0454099 0.1223
0.0403059 0.0089623
0.174956 0.198547
0.177556 0.0481607
0.198358 0.0331789
0.136476 0.054278
0.021206 0.00916404
0.101277 0.158777
0.0368324 0.0948908
0.185768 0.108224
0.03527 0.12472
0.00324327 0.0353739
0.191389 0.0498442
0.0732081 0.0709914
0.0647398 0.0581885
0.0283203 0.136099
0.151774 0.0452874
0.113004 0.039804
0.188214 0.0325434
0.0221099 0.0506243
0.0892336 0.195878
0.163532 0.133771
0.00936927 0.105478
0.185424 0.0153188
0.0929208 0.00891071
0.1548 0.0105186
0.110541 0.051516
0.0534272 0.173986
0.0202084 0.0993079
0.179175 0.17483
0.0553145 0.0677093
0.167372 0.113919
0.0156459 0.116301
0.052051 0.15949
0.048394 0.11279
0.110666 0.14369
0.116916 0.193548
0.00261328 0.130802
0.153692 0.165199
0.0225739 0.181653
0.0676452 0.189185
0.0857017 0.081421
0.0294042 0.198805
0.0716176 0.169592
0.0229524 0.165854
0.193016 0.0868102
0.112927 0.171236
0.0152152 0.199856
0.113418 0.109103
0.162615 0.0287833
0.00958819 0.0726785
0.0329058 0.189042
0.186657 0.120664
0.1809 0.0872172
0.144511 0.180222
0.129861 0.0970934
0.127413 0.178688
0.0386753 0.164129
0.173289 0.0648366
0.195874 0.118593
0.031835 0.170571
0.078964 0.196796
0.00603969 0.00676982
0.0111246 0.146247
0.0470993 0.101738
0.0672931 0.147237
0.195531 0.197449
0.156948 0.187334
0.144077 0.14256
0.164967 0.074427
0.00388412 0.0191931
0.170354 0.150327
0.181923 0.15177
0.0164748 0.0605102
0.0120951 0.0419314
0.131713 0.0347458
0.0116604 0.0261507
0.141332 0.161408
0.120457 0.0100541
0.160062 0.0574339
0.056605 0.0844168
0.084778 0.145003
0.0923683 0.0725959
0.0134078 0.0885077
0.00727347 0.0501075
0.0894806 0.0570604
0.0766351 0.0344424
0.0806015 0.00272958
0.0524913 0.0277411
0.0359951 0.0206737
0.0690341 0.0410388
0.0374849 0.180636
0.0389549 0.0577822
0.0286164 0.0394005
0.0312409 0.0778607
0.0523043 0.0462915
0.104385 0.0687396
0.14591 0.0788755
0.067972 0.00242889
0.142878 0.0238468
0.0482725 0.122439
0.0360633 0.00706552
0.176397 0.196504
0.179958 0.0497533
0.199536 0.0269189
0.131571 0.0515602
0.0202351 0.00595316
0.102244 0.157534
0.034714 0.100059
0.184183 0.108689
0.0375442 0.119312
0.00274014 0.0390276
0.189892 0.0529843
0.0776626 0.0745686
0.0670463 0.0567621
0.0301275 0.131641
0.149343 0.0486787
0.111418 0.0419006
0.185905 0.0331092
0.0219345 0.0462225
0.0921775 0.199019
0.161703 0.132543
0.00759683 0.104037
0.189379 0.0135198
0.0883712 0.0109376
0.160523 0.00763559
0.108737 0.0516255
0.0469883 0.178271
0.0179435 0.101458
0.185163 0.176158
0.0588865 0.0685377
0.164375 0.111775
0.0142517 0.114611
0.0570736 0.154367
0.048746 0.110602
0.114588 0.145445
0.118272 0.198482
0.00218816 0.13269
0.153711 0.163786
0.0233945 0.180396
0.062227 0.193979
0.0851297 0.0845533
0.0250339 0.198744
0.0745058 0.169354
0.0204005 0.166837
0.193578 0.0845948
0.111367 0.174865
0.0146127 0.197951
0.109668 0.108889
0.162908 0.0315821
0.00698384 0.0771896
0.0312958 0.190478
0.184578 0.122788
0.177978 0.0878889
0.148263 0.183034
0.129506 0.0977416
0.127971 0.18057
0.036879 0.162737
0.176329 0.0625039
0.198294 0.112949
0.0301844 0.173968
0.079881 0.192967
0.00592413 0.00576102
0.00562875 0.148055
0.0484514 0.0994486
0.068806 0.145492
0.195227 0.196626
0.159915 0.18634
0.150484 0.141399
0.168073 0.0738302
0.0026978 0.0158682
0.167431 0.152605
0.180004 0.152968
0.0129067 0.0598432
0.0110422 0.0406248
0.132901 0.0342756
0.0135788 0.022504
0.137561 0.159839
0.118979 0.0110504
0.15626 0.0574872
0.0583615 0.0823065
0.0883997 0.150145
0.0951141 0.0748047
0.0164918 0.0881281
0.00139613 0.0510319
0.0879878 0.0529765
0.0794679 0.0337649
0.0799352 0.00231357
0.0548539 0.0332896
0.0335379 0.0159371
0.0708334 0.0410235
0.0324448 0.182633
0.0421689 0.0616983
0.0299978 0.0357581
0.0314144 0.0747257
0.0496586 0.0491093
0.100542 0.0664675
0.146355 0.0787506
0.067312 0.00679374
0.142769 0.0289295
0.0518696 0.123816
0.0318207 0.00516875
0.177837 0.194462
0.177322 0.0500283
0.19743 0.0206589
0.126666 0.0488423
0.0192642 0.00274227
0.10321 0.156291
0.0325957 0.105227
0.182598 0.109154
0.0387701 0.113926
0.00196776 0.0397968
0.193433 0.0574421
0.082117 0.0781459
0.0693528 0.0553356
0.0319346 0.127183
0.146912 0.05207
0.110499 0.0414224
0.183596 0.033675
0.0219867 0.0463647
0.0951213 0.19784
0.159905 0.13124
0.00272399 0.103692
0.193333 0.0117208
0.0845202 0.0136578
0.166247 0.00475259
0.106266 0.0543099
0.0471662 0.181043
0.018779 0.102513
0.191151 0.177487
0.0624586 0.0693662
0.161379 0.10963
0.0128576 0.11292
0.0620963 0.149243
0.049582 0.110682
0.11851 0.1472
0.119627 0.196584
0.00176304 0.134577
0.155537 0.162788
0.0199569 0.18315
0.0568088 0.198772
0.0845577 0.0876856
0.0227494 0.19957
0.077394 0.169116
0.0178487 0.16782
0.194139 0.0823795
0.109807 0.178494
0.0116585 0.195347
0.105918 0.108675
0.1632 0.0343808
0.00437948 0.0817006
0.0295676 0.192324
0.181392 0.125295
0.175055 0.0885605
0.152015 0.185845
0.129151 0.0983898
0.12853 0.182453
0.035174 0.16125
0.17937 0.0601711
0.198178 0.106923
0.0308986 0.171741
0.080798 0.189139
0.00580858 0.00475223
0.000132958 0.149863
0.0496335 0.09363
0.0703189 0.143747
0.194924 0.195803
0.162882 0.185345
0.156859 0.140312
0.171179 0.0732334
0.00150183 0.0125646
0.164508 0.154883
0.178084 0.154166
0.0105081 0.0598838
0.0155957 0.038904
0.132947 0.0341049
0.0154972 0.0188573
0.13379 0.15827
0.117502 0.0120467
0.153647 0.0580631
0.0601179 0.0801962
0.0920215 0.155287
0.097399 0.077596
0.0195759 0.0877485
0.00242819 0.0550319
0.086495 0.0488927
0.0823007 0.0330874
0.0834778 0.00122574
0.0572164 0.0388381
0.0313426 0.0120881
0.0726326 0.0410081
0.0271549 0.182092
0.045383 0.0656144
0.0313793 0.0321157
0.031588 0.0715908
0.0470129 0.0519271
0.0971079 0.0636697
0.146799 0.0786257
0.0624431 0.0118304
0.143802 0.0337128
0.0554667 0.125193
0.0273729 0.00240018
0.179278 0.192419
0.174686 0.0503032
0.197191 0.0193077
0.121762 0.0461245
0.0182365 0.000452736
0.104176 0.155048
0.0281701 0.108527
0.181012 0.109619
0.041175 0.110477
1.37507e-06 0.0364103
0.196974 0.0618999
0.0863135 0.0804754
0.0716592 0.0539091
0.0337417 0.122725
0.143292 0.0549387
0.10958 0.0409442
0.181286 0.0342409
0.023807 0.0472935
0.0980652 0.194698
0.158919 0.127555
0.00214885 0.103347
0.19542 0.00501289
0.0806692 0.0163781
0.171971 0.00186959
0.103847 0.0569374
0.0487189 0.18351
0.0196145 0.103568
0.19714 0.178816
0.0660306 0.0701946
0.158382 0.107486
0.0114635 0.11123
0.0638463 0.146233
0.051546 0.110695
0.122431 0.148955
0.120983 0.19165
0.00133792 0.136465
0.157363 0.161789
0.0165172 0.185906
0.0513906 0.196435
0.0842437 0.0920656
0.0184072 0.199101
0.0802821 0.168878
0.0152968 0.168804
0.194701 0.0801641
0.108247 0.182123
0.00758383 0.192534
0.102167 0.108462
0.163493 0.0371796
0.00177513 0.0862117
0.0298925 0.193985
0.178207 0.127802
0.172133 0.0892321
0.155766 0.188657
0.128796 0.099038
0.129088 0.184335
0.033469 0.159764
0.18241 0.0578383
0.194651 0.100896
0.0316149 0.169511
0.081715 0.18531
0.00570267 0.00372206
0.00536284 0.15167
0.0508155 0.0878115
0.0751046 0.13989
0.19462 0.19498
0.165849 0.18435
0.162423 0.141608
0.174285 0.0726367
0.00034056 0.0105883
0.164818 0.153914
0.176165 0.155364
0.0156623 0.0644828
0.0207407 0.0372465
0.131599 0.0342752
0.0174156 0.0152106
0.131009 0.15792
0.116024 0.0130431
0.15219 0.059138
0.0618744 0.0780859
0.0956432 0.160429
0.0998145 0.0803548
0.02266 0.0873689
0.00130028 0.0544736
0.0850022 0.0448088
0.0851335 0.0324099
0.0870205 0.000137913
0.059579 0.0443866
0.0295404 0.00954384
0.0744319 0.0409928
0.0218651 0.181551
0.048597 0.0695305
0.0327607 0.0284732
0.0317615 0.0684558
0.0443672 0.0547449
0.0915244 0.0629901
0.147243 0.0785008
0.0575741 0.0168671
0.14623 0.038155
0.0590638 0.126571
0.027168 0.000639046
0.180719 0.190377
0.17205 0.0505781
0.197319 0.0189857
0.117223 0.0435433
0.014935 0.00272371
0.105143 0.153806
0.0256804 0.113091
0.179427 0.110084
0.0418323 0.107898
0.00256193 0.0329606
0.199485 0.0663577
0.0903545 0.0826951
0.0739657 0.0524826
0.0355488 0.118268
0.138516 0.0573084
0.108295 0.0403294
0.178977 0.0348067
0.0256272 0.0482223
0.100715 0.191871
0.157949 0.123803
0.00579794 0.101465
0.197141 0.00272415
0.0768182 0.0190983
0.177695 0.0010134
0.103578 0.0574468
0.0506583 0.183485
0.0175589 0.102628
0.196872 0.180144
0.0696027 0.071023
0.155386 0.105341
0.0112931 0.111076
0.0648754 0.143682
0.056213 0.110568
0.125362 0.149491
0.120095 0.188095
0.000912796 0.138352
0.155956 0.164037
0.0133724 0.188565
0.0455859 0.194134
0.0839546 0.0965881
0.0129339 0.198215
0.0831703 0.16864
0.0127449 0.169787
0.195263 0.0779487
0.106981 0.185437
0.0032142 0.189811
0.0984171 0.108248
0.163785 0.0399783
0.000829225 0.0907227
0.0313486 0.194624
0.175021 0.13031
0.16921 0.0899037
0.159518 0.191468
0.128441 0.0996862
0.131889 0.184838
0.0319145 0.157333
0.185451 0.0555056
0.191124 0.0948693
0.0321807 0.168226
0.0826319 0.181481
0.00388093 0.00145736
0.0108586 0.153478
0.0519976 0.0819929
0.080611 0.135572
0.194317 0.194157
0.168816 0.183355
0.167971 0.142971
0.177391 0.0720399
0.00183899 0.0115645
0.165657 0.152086
0.174472 0.156657
0.0208166 0.0690817
0.0258857 0.0355889
0.130251 0.0344455
0.0197778 0.0128685
0.131893 0.16222
0.114546 0.0140394
0.150734 0.0602129
0.0636309 0.0759756
0.0992649 0.16557
0.103994 0.0826761
0.0257441 0.0869892
0.00502876 0.0539153
0.0855429 0.0411625
0.0879681 0.0317254
0.0905631 0.000949917
0.0619416 0.0499352
0.0292407 0.0124351
0.0741958 0.0405469
0.0169149 0.180622
0.0502808 0.0685163
0.0341421 0.0248308
0.0319351 0.0653208
0.0417215 0.0575627
0.085845 0.062396
0.147687 0.078376
0.0527051 0.0219038
0.148657 0.0425973
0.0626609 0.127948
0.0258534 0.00180047
0.18216 0.188334
0.169415 0.050853
0.197406 0.0189754
0.116561 0.0423819
0.0151492 0.00355109
0.106109 0.152563
0.0237908 0.118092
0.177842 0.110549
0.0424895 0.10532
0.00512249 0.0295109
0.196905 0.0672114
0.0926319 0.0853522
0.0762722 0.0510562
0.037356 0.11381
0.133739 0.0596781
0.103133 0.0382947
0.176668 0.0353725
0.0274475 0.0491511
0.0981822 0.194421
0.156979 0.120051
0.0067688 0.100443
0.198903 0.0101495
0.0729672 0.0218185
0.183419 0.0038964
0.103404 0.0578706
0.0532304 0.179833
0.0182577 0.101919
0.190883 0.181473
0.0731747 0.0718515
0.15239 0.103197
0.0129391 0.113251
0.0659046 0.141132
0.0608801 0.110441
0.12463 0.145377
0.119318 0.185744
0.000487675 0.14024
0.153793 0.16705
0.0108039 0.188634
0.0412463 0.195459
0.0836655 0.101111
0.00725313 0.199884
0.0860655 0.168373
0.0101931 0.17077
0.194863 0.0793373
0.109389 0.183001
0.00178843 0.187279
0.0946668 0.108034
0.164078 0.0427771
0.000940917 0.0913777
0.0307065 0.195265
0.171835 0.132817
0.166288 0.0905754
0.16327 0.19428
0.128087 0.100334
0.136089 0.184512
0.0303823 0.154746
0.188492 0.0531728
0.187597 0.0888426
0.0327243 0.167096
0.083542 0.177681
0.00168183 0.00128228
0.0163544 0.155286
0.05471 0.0811046
0.0861175 0.131254
0.194013 0.193334
0.171783 0.18236
0.173519 0.144333
0.180497 0.0714431
0.00358368 0.0157507
0.165312 0.149728
0.173963 0.158478
0.0259708 0.0736807
0.0310306 0.0339314
0.128903 0.0346158
0.0196785 0.0139351
0.132776 0.16652
0.113068 0.0150357
0.149277 0.0612878
0.0653873 0.0738653
0.102887 0.170712
0.108201 0.0849903
0.0288282 0.0866096
0.00875723 0.053357
0.0874446 0.0399776
0.0913569 0.0289656
0.0941057 0.00203775
0.0643041 0.0554837
0.0318673 0.0134141
0.0720445 0.039715
0.0133836 0.179085
0.0504933 0.0628002
0.036458 0.0232853
0.0304182 0.0630505
0.0407662 0.0595158
0.0801656 0.061802
0.148132 0.0782511
0.0478362 0.0269404
0.151084 0.0470396
0.0662502 0.129244
0.0244885 0.00457161
0.179835 0.189796
0.168554 0.0538897
0.196311 0.0261558
0.115925 0.0412296
0.0156651 0.00120636
0.107076 0.15132
0.0219011 0.123093
0.176257 0.111014
0.0440755 0.101204
0.00768305 0.0260613
0.195271 0.064445
0.0948807 0.0880163
0.0785787 0.0496297
0.0382344 0.110888
0.128963 0.0620477
0.0979457 0.0362509
0.174358 0.0359384
0.0292678 0.0500799
0.0955574 0.197063
0.156009 0.1163
0.00392803 0.101151
0.198154 0.0103841
0.0691161 0.0245388
0.189143 0.0067794
0.10323 0.0582943
0.0558025 0.176181
0.024645 0.102307
0.188694 0.179341
0.0767468 0.0726799
0.149393 0.101052
0.0145851 0.115425
0.0669416 0.138663
0.0655471 0.110314
0.123897 0.141263
0.123087 0.184542
6.25536e-05 0.142127
0.151631 0.170063
0.0143751 0.190914
0.0426706 0.196794
0.0822953 0.105191
0.00154357 0.197687
0.0896947 0.165577
0.00722152 0.171195
0.194965 0.083602
0.107342 0.179324
0.000318977 0.183407
0.0919977 0.108263
0.162595 0.0428141
0.000824294 0.0892061
0.0243007 0.195896
0.168649 0.135324
0.163365 0.091247
0.167022 0.197092
0.127732 0.100983
0.140289 0.184185
0.0294163 0.151885
0.191532 0.0508401
0.182623 0.08356
0.0332678 0.165967
0.0837179 0.17641
0.00534675 0.00107859
0.021284 0.157367
0.0588936 0.0849183
0.0916239 0.126936
0.19371 0.192512
0.174717 0.181322
0.179067 0.145695
0.183603 0.0708463
0.00335593 0.0164815
0.164968 0.14737
0.173453 0.1603
0.0309946 0.0773329
0.0356113 0.033487
0.127554 0.0347861
0.0191171 0.0152977
0.133659 0.17082
0.11159 0.016032
0.147821 0.0623628
0.0671438 0.071755
0.102615 0.167984
0.112409 0.0873046
0.0320427 0.0871768
0.0124857 0.0527986
0.0864263 0.0401705
0.0927067 0.0230564
0.0976484 0.00312558
0.0660729 0.0609626
0.0354476 0.0120937
0.0698933 0.0388831
0.0120554 0.17953
0.0527537 0.0574562
0.0381756 0.02304
0.0259643 0.0622331
0.0407001 0.059644
0.07508 0.0612776
0.148576 0.0781262
0.0461144 0.0338969
0.153512 0.0514818
0.0695861 0.126738
0.0251447 0.00702471
0.176411 0.193118
0.167939 0.057315
0.195184 0.0335007
0.11529 0.0400774
0.0165666 0.00194206
0.108042 0.150077
0.0200115 0.128093
0.174672 0.111479
0.0458548 0.0967689
0.012216 0.0260669
0.193637 0.0616787
0.0971294 0.0906805
0.0808852 0.0482032
0.0389194 0.108287
0.124186 0.0644174
0.097717 0.0359787
0.172049 0.0365042
0.0310881 0.0510087
0.0929327 0.199704
0.155039 0.112548
0.00108726 0.10186
0.197733 0.0133812
0.0652651 0.027259
0.187778 0.00673561
0.103057 0.0587181
0.0583747 0.172529
0.0310324 0.102695
0.1884 0.175454
0.0803188 0.0735084
0.146397 0.098908
0.0162311 0.117599
0.068232 0.139997
0.0695979 0.110382
0.123164 0.137149
0.126857 0.183339
0.000362568 0.144015
0.149468 0.173076
0.0127072 0.189539
0.0440949 0.198129
0.0780093 0.107688
0.004166 0.195491
0.0933904 0.162572
0.00271175 0.169589
0.196448 0.0871956
0.109188 0.183517
0.00238899 0.179439
0.0928605 0.10988
0.160867 0.0424625
0.0025895 0.0870346
0.0237615 0.199674
0.165463 0.137831
0.160443 0.0919186
0.170348 0.199665
0.127377 0.101631
0.144489 0.183859
0.0315696 0.147356
0.194573 0.0485073
0.176268 0.0789484
0.0338113 0.164838
0.0838273 0.175348
0.00412892 0.000590686
0.0230943 0.161117
0.0630772 0.088732
0.0971303 0.122618
0.193406 0.191689
0.17728 0.179746
0.184614 0.147057
0.186709 0.0702495
0.00198715 0.0152813
0.164524 0.149388
0.172944 0.162122
0.0354639 0.0767502
0.0389108 0.0350317
0.126206 0.0349564
0.0183127 0.017009
0.13489 0.174492
0.110112 0.0170283
0.146365 0.0634377
0.0697666 0.0718713
0.104109 0.165359
0.116617 0.0896188
0.0359015 0.0916504
0.0162142 0.0522403
0.0856509 0.037689
0.0936963 0.0166001
0.101191 0.00421341
0.0592632 0.0636834
0.0411859 0.0099847
0.067742 0.0380511
0.015458 0.175396
0.0557709 0.0522325
0.0384902 0.0216708
0.0215104 0.0614156
0.0398772 0.0596519
0.0777064 0.0612847
0.14902 0.0780013
0.0471788 0.0425226
0.155939 0.0559241
0.0729132 0.12402
0.0273696 0.00960719
0.180212 0.18896
0.167324 0.0607403
0.193459 0.0386582
0.114654 0.0389251
0.0138823 0.00315758
0.109009 0.148834
0.0181218 0.133094
0.173087 0.111944
0.0476342 0.0923336
0.0178901 0.0280036
0.192002 0.0589123
0.0993782 0.0933446
0.0810467 0.0502104
0.0439857 0.108879
0.11941 0.0667871
0.0997506 0.0354943
0.16974 0.03707
0.0329084 0.0519376
0.0903079 0.197654
0.154069 0.108796
0.00175351 0.102568
0.192244 0.0169526
0.0614141 0.0299792
0.185038 0.00611736
0.102883 0.0591418
0.0609468 0.168876
0.0329486 0.100218
0.188106 0.171567
0.0838908 0.0743368
0.1434 0.0967636
0.0178771 0.119774
0.0695312 0.141542
0.0648818 0.113247
0.122431 0.133035
0.130278 0.182765
0.000787689 0.145902
0.14766 0.174136
0.0124855 0.186669
0.0455192 0.199464
0.0824902 0.107388
0.00551326 0.197538
0.0945715 0.157926
0.00179435 0.166119
0.19793 0.0907893
0.111783 0.189249
0.000174394 0.177526
0.0937234 0.111496
0.159139 0.0421109
0.00435472 0.084863
0.0256887 0.193605
0.162377 0.135964
0.15752 0.0925902
0.166449 0.198553
0.127022 0.102279
0.148335 0.185485
0.0337228 0.142827
0.198211 0.0483618
0.169913 0.0743368
0.0346235 0.16371
0.0839368 0.174285
0.00291108 0.000102778
0.024636 0.164866
0.0672608 0.0925457
0.102637 0.1183
0.193102 0.190866
0.179843 0.178171
0.190162 0.14842
0.189815 0.0696527
0.00061836 0.014081
0.164078 0.151962
0.172434 0.163944
0.0399333 0.0761675
0.0419842 0.0364984
0.124858 0.0351266
0.0175082 0.0187203
0.137328 0.173435
0.108634 0.0180246
0.144908 0.0645126
0.0728096 0.0729926
0.106964 0.163633
0.120824 0.091933
0.040398 0.090035
0.0194729 0.05011
0.0852489 0.0345823
0.0946858 0.0101438
0.104734 0.00530124
0.0519663 0.0654004
0.0468788 0.00592339
0.0661793 0.0378045
0.0166818 0.170875
0.0591835 0.0470932
0.0388503 0.0222539
0.0175263 0.0621701
0.0399945 0.0608113
0.0802586 0.0622201
0.149465 0.0778764
0.0480739 0.0511419
0.157906 0.0602346
0.0762403 0.121302
0.0295945 0.0121897
0.184417 0.185797
0.167452 0.0616822
0.190128 0.0383692
0.114018 0.0377729
0.011198 0.0043731
0.109975 0.147591
0.0162322 0.138094
0.171502 0.112409
0.0508273 0.0877467
0.0235641 0.0299404
0.18872 0.0572563
0.101627 0.0960088
0.0809763 0.0519131
0.0498131 0.110034
0.114633 0.0691568
0.101784 0.0350099
0.16743 0.0376359
0.0337885 0.0517148
0.0876832 0.195013
0.153098 0.105045
0.00459429 0.103276
0.186755 0.0205241
0.0569745 0.0321141
0.182297 0.00549911
0.102709 0.0595656
0.063519 0.165224
0.0320523 0.10342
0.187951 0.167503
0.0874629 0.0751653
0.140404 0.0946191
0.0195231 0.121948
0.0708303 0.143087
0.0600679 0.116144
0.121699 0.128921
0.131033 0.186993
0.00121281 0.14779
0.147693 0.172782
0.0135432 0.184149
0.0469435 0.199201
0.0870333 0.10703
0.00532425 0.198843
0.0943912 0.15238
0.00630485 0.162338
0.199413 0.0943829
0.114379 0.194981
0.00203581 0.175925
0.0946218 0.11314
0.157411 0.0417593
0.00611993 0.0826914
0.0276158 0.187536
0.159292 0.133539
0.154598 0.0932619
0.162231 0.197755
0.126667 0.102927
0.1518 0.189452
0.0358761 0.138298
0.198193 0.0525526
0.163276 0.0723403
0.036422 0.162566
0.0840462 0.173223
0.00169325 0.00038513
0.0276271 0.167095
0.0714444 0.0963593
0.108143 0.113982
0.192872 0.190077
0.182109 0.175428
0.19571 0.149782
0.192921 0.069056
0.000750426 0.0128808
0.163632 0.154537
0.171925 0.165766
0.0439694 0.0765018
0.0446426 0.0381702
0.12351 0.0352969
0.0167037 0.0204315
0.135905 0.17258
0.107156 0.0190209
0.143452 0.0655875
0.0758525 0.0741139
0.109818 0.161908
0.125007 0.0941225
0.0425069 0.0885878
0.0225219 0.0472159
0.0848468 0.0314757
0.0956753 0.00368757
0.108276 0.00638907
0.0475239 0.0680684
0.0525716 0.00186209
0.0672331 0.0344996
0.0138288 0.168817
0.0608026 0.0454259
0.0392104 0.0228369
0.0137518 0.0636885
0.0379434 0.061312
0.0825207 0.0651781
0.148396 0.0784147
0.048765 0.0591299
0.156304 0.0637012
0.0795674 0.118584
0.0318194 0.0147721
0.185671 0.182312
0.171735 0.0589099
0.186798 0.0380801
0.113382 0.0366206
0.00895513 0.00580699
0.110942 0.146348
0.0143425 0.143095
0.169916 0.112874
0.0564555 0.0828733
0.0292381 0.0318771
0.180912 0.0585358
0.103876 0.0986729
0.081196 0.0515933
0.053688 0.108882
0.109857 0.0715265
0.103818 0.0345256
0.165121 0.0382017
0.0341221 0.0508153
0.0850584 0.192371
0.152064 0.103036
0.00743506 0.103984
0.181266 0.0240956
0.0526248 0.0337293
0.179556 0.00488087
0.102536 0.0599894
0.0660911 0.161572
0.0311085 0.106739
0.188744 0.16221
0.0910349 0.0759937
0.137408 0.0924747
0.0211691 0.124122
0.0721295 0.144632
0.0572066 0.121346
0.120966 0.124807
0.131787 0.191222
0.00163793 0.149677
0.151586 0.171225
0.0146008 0.18163
0.0483678 0.197866
0.0903677 0.105693
0.00513524 0.195225
0.094211 0.146834
0.0108153 0.158556
0.199104 0.0979765
0.116975 0.199288
0.00424601 0.174324
0.0967289 0.115762
0.155682 0.0414077
0.00788514 0.0805198
0.029543 0.181467
0.156208 0.131114
0.15174 0.0921902
0.160867 0.199567
0.126337 0.1037
0.15241 0.190807
0.0380294 0.133768
0.199123 0.0538077
0.157564 0.0742388
0.0411002 0.159724
0.0841557 0.17216
3.39352e-05 0.000654666
0.0318153 0.168559
0.075628 0.100173
0.11365 0.109664
0.19575 0.190891
0.183269 0.172635
0.198742 0.151144
0.196027 0.0684592
0.000299976 0.0131888
0.163186 0.157111
0.171416 0.167587
0.0441052 0.0807566
0.0415386 0.0429192
0.124332 0.0352358
0.0158992 0.0221428
0.134483 0.171725
0.105678 0.0200172
0.141995 0.0666624
0.0786634 0.0755229
0.112673 0.160183
0.12665 0.0949288
0.0440416 0.0930414
0.025571 0.0443217
0.0844447 0.0283691
0.0966649 0.0027687
0.111819 0.0074769
0.0497619 0.0718306
0.0582644 0.00219922
0.069969 0.0286964
0.0125446 0.165538
0.0607396 0.0462569
0.0403939 0.0243209
0.00997737 0.0652068
0.0320144 0.0599951
0.0850147 0.0678485
0.141358 0.0815862
0.0511278 0.0580197
0.154216 0.0648431
0.0828945 0.115867
0.033221 0.0164537
0.186922 0.179345
0.165617 0.0560861
0.183467 0.0377911
0.113014 0.0362327
0.0100279 0.00671296
0.111908 0.145105
0.0122201 0.146695
0.168331 0.113339
0.0620837 0.078
0.0349122 0.0338138
0.183505 0.0598668
0.106125 0.101337
0.0814157 0.0512734
0.056115 0.105931
0.10508 0.0738961
0.103413 0.0335083
0.163457 0.0385564
0.0344556 0.0499158
0.0824336 0.189729
0.150941 0.103801
0.0102758 0.104692
0.175777 0.0276671
0.0540375 0.0322672
0.176815 0.00426262
0.102362 0.0604131
0.0686633 0.15792
0.0301648 0.110059
0.187909 0.158794
0.094607 0.0768221
0.136621 0.089562
0.0228151 0.126297
0.0734287 0.146177
0.0557932 0.128347
0.120233 0.120692
0.132541 0.19545
0.00206305 0.151565
0.15548 0.169669
0.0156584 0.17911
0.0497921 0.19653
0.0936592 0.104319
0.00494623 0.191606
0.0940308 0.141288
0.0155586 0.156175
0.197621 0.10157
0.119571 0.193556
0.00488752 0.173944
0.0988789 0.118421
0.153309 0.0412673
0.00965035 0.0783482
0.0305326 0.17775
0.153123 0.128689
0.14897 0.0883453
0.163229 0.195178
0.128034 0.106441
0.149295 0.188722
0.0401827 0.129239
0.199948 0.0550629
0.158309 0.0758288
0.0463869 0.156507
0.0842651 0.171098
0.00103815 5.61028e-05
0.0363324 0.168045
0.0798116 0.103987
0.117459 0.10553
0.198783 0.191791
0.184279 0.169237
0.194822 0.15063
0.199132 0.0678624
0.0013419 0.0144764
0.16278 0.159592
0.170906 0.169409
0.0425481 0.0849759
0.0425673 0.0452654
0.126406 0.0350428
0.0150947 0.0238541
0.133061 0.17087
0.1042 0.0210135
0.140556 0.0676503
0.0804811 0.0781564
0.115528 0.158457
0.125177 0.0967629
0.0451887 0.101559
0.0285988 0.0414016
0.0840427 0.0252624
0.0976544 0.00922497
0.115362 0.00856473
0.0540091 0.0720694
0.0639572 0.00626052
0.0727049 0.0228932
0.010986 0.164625
0.0606766 0.0470879
0.0429127 0.0260397
0.0062029 0.0667252
0.0253726 0.0600991
0.088502 0.0692943
0.138581 0.0765832
0.0535621 0.0564041
0.15184 0.064678
0.0870938 0.115944
0.0336046 0.0170215
0.188668 0.177743
0.158168 0.0532247
0.180137 0.0375021
0.111971 0.0361116
0.0128043 0.0070158
0.112875 0.143863
0.00897276 0.144541
0.166746 0.113804
0.0677119 0.0731266
0.0398925 0.0355342
0.18743 0.0612354
0.10757 0.104014
0.0816354 0.0509536
0.058542 0.102981
0.105993 0.0745165
0.102432 0.032356
0.161928 0.0388676
0.0316951 0.0511628
0.0798089 0.187088
0.149818 0.104566
0.0131166 0.1054
0.170288 0.0312386
0.0555221 0.030762
0.174075 0.00364437
0.102188 0.0608369
0.0705796 0.155646
0.029221 0.113379
0.183438 0.156502
0.0924893 0.0794
0.134806 0.093742
0.0244611 0.128471
0.0753836 0.146344
0.0543797 0.135349
0.1195 0.116578
0.133295 0.199678
0.00248817 0.153452
0.159333 0.168206
0.016716 0.176591
0.0512164 0.195195
0.0969507 0.102945
0.00475721 0.187987
0.0938506 0.135742
0.0230334 0.15612
0.196138 0.105164
0.122167 0.187824
0.00419682 0.174627
0.101029 0.121081
0.150801 0.0411702
0.0114156 0.0761766
0.0299559 0.177819
0.150039 0.126264
0.1462 0.0845005
0.165591 0.189924
0.134038 0.108852
0.14618 0.186636
0.042336 0.12471
0.199018 0.0563181
0.159341 0.0787258
0.0516737 0.15329
0.0843745 0.170035
0.00159814 0.00114337
0.0424158 0.163746
0.083123 0.105005
0.117631 0.101854
0.198184 0.192692
0.184099 0.168355
0.195232 0.145111
0.197762 0.0672656
0.00298378 0.0157641
0.164213 0.157374
0.170833 0.171238
0.040991 0.0891952
0.0453786 0.0494047
0.12848 0.0348499
0.0142902 0.0255654
0.131638 0.170016
0.103495 0.0226477
0.14005 0.06239
0.0794921 0.0802758
0.118383 0.156732
0.123817 0.0959217
0.0463358 0.110077
0.0316077 0.0384579
0.0837191 0.0221982
0.0979538 0.0145565
0.118904 0.00965256
0.0582562 0.0723082
0.0696244 0.0102892
0.0753878 0.0170801
0.00910047 0.164334
0.061199 0.0470915
0.0462819 0.0253006
0.00242843 0.0682435
0.0178068 0.0619913
0.0919893 0.0707401
0.134606 0.076505
0.055411 0.055616
0.149982 0.0645427
0.0923654 0.119416
0.0339882 0.0175892
0.191557 0.179107
0.150719 0.0503633
0.176806 0.037213
0.110928 0.0359904
0.0155806 0.00731863
0.113841 0.14262
0.00572541 0.142388
0.165161 0.114269
0.07334 0.0682532
0.0431599 0.0370806
0.188449 0.0605032
0.107383 0.107849
0.0818551 0.0506337
0.060969 0.10003
0.109326 0.0743856
0.101368 0.0316906
0.158387 0.0410616
0.0289573 0.0514841
0.0771841 0.184446
0.148696 0.105331
0.0159574 0.106108
0.166811 0.0329274
0.0570066 0.0292568
0.171334 0.00302612
0.102015 0.0612606
0.0708782 0.156741
0.0282773 0.116699
0.179307 0.152092
0.0907585 0.0832429
0.137945 0.097984
0.0261071 0.130645
0.0789563 0.143142
0.0529008 0.142178
0.118767 0.112464
0.13405 0.196093
0.0029133 0.15534
0.160912 0.171435
0.0177736 0.174072
0.0526406 0.19386
0.0986665 0.101068
0.00458263 0.184505
0.0936703 0.130197
0.0308351 0.155442
0.194655 0.108757
0.124762 0.182092
0.0034917 0.175173
0.103179 0.12374
0.148293 0.0410732
0.0131808 0.074005
0.0293793 0.177888
0.146954 0.12384
0.143714 0.0808333
0.167953 0.184669
0.140042 0.111262
0.143064 0.18455
0.0444893 0.120181
0.198089 0.0575733
0.160372 0.0816227
0.0570259 0.150245
0.084484 0.168973
0.00215813 0.00223064
0.0484992 0.159446
0.0853621 0.102629
0.115408 0.101251
0.195151 0.193592
0.182436 0.166626
0.195642 0.139591
0.197561 0.0687696
0.00462567 0.0170517
0.165741 0.154893
0.173343 0.171327
0.0394339 0.0934146
0.0473225 0.0531091
0.130555 0.034657
0.0134857 0.0272766
0.130641 0.168219
0.106894 0.0233616
0.137869 0.056811
0.0752968 0.081789
0.121238 0.155007
0.122876 0.0940778
0.0496595 0.108575
0.0346166 0.0355142
0.0896831 0.0233413
0.0953315 0.0152249
0.122447 0.0107404
0.0625034 0.0725469
0.0685156 0.00685125
0.0785593 0.0145264
0.0083611 0.164893
0.0631453 0.0450728
0.0494814 0.0245
0.00134604 0.0697619
0.0101092 0.0630581
0.0954765 0.0721859
0.129615 0.07631
0.0567034 0.057285
0.14968 0.0645336
0.0977656 0.116378
0.0343719 0.0181569
0.194446 0.180471
0.144218 0.0505417
0.173814 0.0370776
0.109884 0.0358693
0.0183569 0.00762147
0.114807 0.141377
0.00247805 0.140235
0.163576 0.114734
0.0789682 0.0633798
0.0464273 0.038627
0.186817 0.0578247
0.107085 0.112751
0.0820749 0.0503138
0.063396 0.0970792
0.112659 0.0742548
0.0991214 0.0366085
0.154133 0.0449775
0.0262194 0.0518053
0.0745593 0.181805
0.15117 0.104986
0.0187981 0.106816
0.164712 0.0328517
0.0586609 0.027813
0.168593 0.00240787
0.101841 0.0616844
0.0715941 0.158154
0.0273335 0.120018
0.175176 0.147682
0.0922341 0.0876922
0.141151 0.1011
0.0277531 0.13282
0.082529 0.13994
0.0487692 0.143751
0.118332 0.108844
0.134804 0.191865
0.00251376 0.155934
0.160353 0.174911
0.0188313 0.171552
0.0540649 0.192525
0.099117 0.0987579
0.00486319 0.184928
0.0933616 0.13116
0.0386367 0.154765
0.193173 0.112351
0.126933 0.177303
0.00200995 0.172256
0.105329 0.1264
0.144063 0.0375909
0.0150778 0.0726588
0.0288026 0.177957
0.144462 0.124042
0.142133 0.0777099
0.169774 0.181171
0.143432 0.113006
0.139949 0.182464
0.044466 0.125671
0.197159 0.0588285
0.161404 0.0845197
0.0646136 0.152139
0.0845934 0.16791
0.00271813 0.00331791
0.0545826 0.155147
0.0876011 0.100254
0.112204 0.100798
0.192118 0.194492
0.180772 0.164896
0.196052 0.134072
0.199987 0.0722198
0.00626755 0.0183393
0.167262 0.152424
0.17357 0.170082
0.0378768 0.0976339
0.0470268 0.0557072
0.130847 0.0343954
0.0126813 0.0289879
0.131678 0.161801
0.110316 0.0239961
0.130329 0.0565502
0.0711015 0.0833021
0.124092 0.153281
0.121934 0.092234
0.0535522 0.104528
0.0376255 0.0325705
0.0963077 0.028053
0.093866 0.0135897
0.125989 0.0118282
0.0667506 0.0727857
0.0667073 0.00268922
0.0806128 0.0114318
0.0105982 0.16402
0.0650917 0.0430541
0.0509113 0.0230596
0.00316826 0.0740126
0.00405161 0.0597022
0.0989638 0.0736318
0.12471 0.076133
0.0602354 0.0600602
0.149378 0.0645245
0.0968054 0.112144
0.0347555 0.0187246
0.197336 0.181835
0.140401 0.0464264
0.171907 0.037437
0.108841 0.0357482
0.0211333 0.0079243
0.115774 0.140134
0.000769297 0.138081
0.161991 0.115199
0.0846602 0.0589659
0.0496947 0.0401734
0.185184 0.0551462
0.113242 0.116287
0.0822307 0.0495345
0.065823 0.0941284
0.115907 0.074106
0.0968524 0.0416059
0.152864 0.0482647
0.0234816 0.0521266
0.0719346 0.179163
0.157785 0.105523
0.0216389 0.107524
0.161527 0.0322811
0.0620847 0.0270091
0.165852 0.00178963
0.101667 0.0621081
0.0768175 0.163345
0.0263898 0.123338
0.171052 0.143259
0.0933835 0.0895012
0.140616 0.101284
0.029399 0.134994
0.0846483 0.137459
0.04461 0.144598
0.118856 0.106758
0.13474 0.189557
0.00127003 0.155198
0.159795 0.178387
0.0198889 0.169033
0.0554892 0.19119
0.0997969 0.097437
0.00515926 0.185472
0.0944111 0.133966
0.0463815 0.154685
0.19169 0.115945
0.12707 0.177134
0.00161961 0.171982
0.107479 0.129059
0.141304 0.0337817
0.017287 0.0730029
0.0282259 0.178026
0.14326 0.130306
0.140552 0.0745864
0.170078 0.182476
0.145132 0.110739
0.137652 0.178457
0.0438736 0.133707
0.19623 0.0600837
0.162436 0.0874167
0.0698746 0.149637
0.0850117 0.167003
0.00327812 0.00440517
0.0582607 0.151438
0.0891043 0.0993625
0.108872 0.0989786
0.189085 0.195392
0.182908 0.159697
0.196462 0.128552
0.197536 0.0756701
0.00790943 0.0196269
0.168625 0.150331
0.173012 0.169567
0.0363197 0.101853
0.0467311 0.0583054
0.126231 0.0340107
0.0118768 0.0306992
0.134362 0.156913
0.113737 0.0246306
0.122664 0.0564092
0.0675655 0.0820306
0.1253 0.150026
0.120993 0.0903902
0.057445 0.100481
0.0406343 0.0296268
0.100453 0.0319007
0.0925818 0.0115448
0.129532 0.012916
0.0710143 0.072967
0.0648991 0.00147281
0.0826662 0.00833716
0.0120585 0.162773
0.067038 0.0410353
0.0523274 0.0216142
0.00415521 0.0795045
0.00117067 0.0551051
0.102451 0.0750776
0.127085 0.0777111
0.0637674 0.0628354
0.149076 0.0645154
0.0944384 0.108275
0.0351391 0.0192923
0.199775 0.183199
0.134751 0.0426214
0.170001 0.0377964
0.110095 0.0369007
0.0239096 0.00822714
0.11674 0.138891
0.00401665 0.135928
0.160501 0.116399
0.0909066 0.0576352
0.0529621 0.0417198
0.183552 0.0524678
0.12091 0.119554
0.0818322 0.0456719
0.0675741 0.0940199
0.111875 0.0722021
0.0945834 0.0466033
0.153553 0.0511216
0.0207437 0.0524478
0.0693098 0.176521
0.164306 0.105326
0.0244797 0.108232
0.158342 0.0317106
0.0655224 0.0262102
0.163111 0.00117138
0.101494 0.0625319
0.0755144 0.165571
0.025446 0.126658
0.167086 0.138461
0.0938926 0.085346
0.139102 0.0988642
0.031045 0.137168
0.0823651 0.13706
0.0404076 0.14996
0.119653 0.104921
0.134144 0.188526
2.62941e-05 0.154462
0.159236 0.181863
0.0217233 0.166887
0.0569135 0.189855
0.0969832 0.0966919
0.00545534 0.186016
0.099863 0.134689
0.0539959 0.156931
0.189001 0.118193
0.126564 0.177041
0.00524916 0.171707
0.109629 0.131719
0.143453 0.0300956
0.0194962 0.073347
0.0276492 0.178095
0.142059 0.136569
0.138971 0.0714629
0.170382 0.183782
0.14781 0.111075
0.136529 0.173097
0.0434547 0.134902
0.1953 0.0613389
0.163467 0.0903136
0.0763309 0.146806
0.091993 0.169095
0.00383811 0.00549244
0.0607072 0.148024
0.0872102 0.102366
0.112697 0.0983079
0.186052 0.196292
0.185831 0.153767
0.198078 0.124378
0.195085 0.0791204
0.00955131 0.0209146
0.169986 0.148246
0.172453 0.169052
0.0356145 0.105704
0.0464353 0.0609035
0.121667 0.033185
0.0110723 0.0324105
0.138743 0.153582
0.117139 0.0252331
0.114999 0.0562683
0.0640861 0.0794879
0.125697 0.146258
0.120347 0.0882279
0.0593213 0.0971008
0.0436432 0.0266831
0.0990645 0.0327002
0.0929005 0.0101508
0.133075 0.0140039
0.0758612 0.0715695
0.0630909 0.00563484
0.0831167 0.00459156
0.012664 0.161118
0.0689844 0.0390166
0.0537434 0.0201687
0.00514217 0.0849965
0.00639294 0.050508
0.102492 0.0777307
0.129987 0.079426
0.0672993 0.0656107
0.148774 0.0645063
0.0952891 0.107056
0.0355228 0.01986
0.196886 0.184562
0.129343 0.0390004
0.168095 0.0381558
0.11661 0.0413904
0.0266859 0.00852997
0.119272 0.138915
0.007264 0.133775
0.159059 0.118029
0.0940568 0.0587852
0.0562295 0.0432661
0.181919 0.0497893
0.128577 0.12282
0.0814336 0.0418094
0.0707019 0.0960945
0.11213 0.0682808
0.0925616 0.0472453
0.154242 0.0539785
0.0180059 0.0527691
0.0666528 0.173909
0.170778 0.104699
0.0264686 0.109309
0.155157 0.03114
0.0689601 0.0254114
0.160371 0.000553131
0.104008 0.0647474
0.0741033 0.167711
0.0245023 0.129978
0.163122 0.133654
0.0931936 0.0819471
0.137588 0.0964447
0.032691 0.139343
0.0808059 0.134122
0.0361049 0.158091
0.12294 0.105399
0.133547 0.187494
0.00121744 0.153726
0.158678 0.18534
0.0244127 0.165149
0.0583378 0.18852
0.0954503 0.0954805
0.00575141 0.186561
0.101938 0.136438
0.0616104 0.159177
0.183783 0.11775
0.125427 0.177032
0.00887872 0.171433
0.112704 0.131042
0.145602 0.0264095
0.0217054 0.073691
0.0270725 0.178165
0.140857 0.142833
0.13739 0.0683395
0.170686 0.185087
0.150489 0.11141
0.136038 0.167654
0.043136 0.133328
0.194371 0.0625941
0.164499 0.0932106
0.0820633 0.146514
0.0991144 0.171243
0.00439811 0.00657971
0.0631537 0.144611
0.0808175 0.103185
0.113735 0.095639
0.183019 0.197193
0.188753 0.147837
0.197777 0.122895
0.192634 0.0825706
0.0111932 0.0222022
0.171346 0.146161
0.171894 0.168537
0.0390551 0.107804
0.0461396 0.0635017
0.118183 0.0332985
0.0102678 0.0341217
0.142966 0.157142
0.116794 0.0186
0.107334 0.0561273
0.0605903 0.0769797
0.13052 0.147664
0.121049 0.0845996
0.0587212 0.0944908
0.0466521 0.0237394
0.0976756 0.0334997
0.0941005 0.00912344
0.136617 0.0150917
0.0807698 0.0701532
0.0612826 0.00979687
0.082686 0.000479438
0.0132694 0.159464
0.0709307 0.0369979
0.0551595 0.0187233
0.00612912 0.0904884
0.00959297 0.044742
0.105911 0.078241
0.132889 0.0811409
0.0707862 0.0683702
0.148472 0.0644972
0.0962323 0.105904
0.0359064 0.0204277
0.193997 0.185926
0.128788 0.0389897
0.166189 0.0385152
0.120938 0.0485664
0.0294622 0.00883281
0.12033 0.137359
0.0105114 0.131621
0.15807 0.120077
0.093454 0.0603202
0.0594969 0.0448125
0.180287 0.0471108
0.136244 0.126087
0.0810351 0.0379468
0.0737158 0.0939798
0.120473 0.0669537
0.0906413 0.0451143
0.154931 0.0568355
0.0172903 0.0542592
0.0624749 0.172534
0.17725 0.104072
0.0243116 0.112136
0.152996 0.031385
0.0723978 0.0246125
0.15763 6.51171e-05
0.103039 0.0663191
0.0743635 0.168801
0.0235585 0.133297
0.159179 0.128979
0.0881653 0.0811287
0.136075 0.0940251
0.034337 0.141517
0.0797283 0.129356
0.0359151 0.165184
0.126233 0.105885
0.132951 0.186463
0.00246117 0.15299
0.158119 0.188816
0.0229892 0.164449
0.0597621 0.187185
0.0939175 0.0942691
0.00604748 0.187105
0.10263 0.138618
0.0690747 0.161236
0.178566 0.117307
0.12429 0.177023
0.0125083 0.171158
0.11421 0.126339
0.146727 0.0219079
0.0239146 0.0740351
0.0264958 0.178234
0.140198 0.14181
0.135809 0.065216
0.17099 0.186393
0.152695 0.111196
0.135162 0.162608
0.0428173 0.131754
0.193441 0.0638493
0.16553 0.0961076
0.0873141 0.148051
0.106236 0.173391
0.0049581 0.00766698
0.0656001 0.141197
0.0769227 0.107357
0.113418 0.0944293
0.179986 0.198093
0.191675 0.141908
0.193632 0.121412
0.190183 0.0860209
0.0133833 0.0217155
0.172707 0.144076
0.171335 0.168023
0.0424958 0.109904
0.0458439 0.0660998
0.11418 0.0335549
0.00901058 0.0312585
0.150534 0.16043
0.116079 0.0111846
0.0998188 0.0558761
0.0570944 0.0744715
0.135344 0.149071
0.121751 0.0809713
0.0581212 0.0918809
0.0459513 0.0227325
0.0962867 0.0342992
0.0953004 0.00809603
0.138135 0.0153612
0.0857609 0.0687652
0.0627726 0.00914813
0.0822552 0.00363268
0.0120883 0.156384
0.0711101 0.0348897
0.056987 0.0201519
0.00711607 0.0959804
0.0108426 0.0442008
0.109329 0.0787512
0.135813 0.0824651
0.0741905 0.0711015
0.147415 0.0652881
0.0971755 0.104752
0.0362901 0.0209954
0.191107 0.18729
0.129124 0.0396183
0.164282 0.0388746
0.125266 0.0557424
0.0322386 0.00913564
0.12209 0.136762
0.0137587 0.129468
0.158417 0.118226
0.0927017 0.0619656
0.0627644 0.0463589
0.178655 0.0444323
0.143923 0.129322
0.0824035 0.0341738
0.074915 0.0893522
0.127077 0.0665069
0.0887209 0.0429832
0.156375 0.0588925
0.0184296 0.0568733
0.0582162 0.171218
0.183721 0.103445
0.0221546 0.114964
0.151514 0.0321855
0.0758355 0.0238136
0.154889 0.000683365
0.101796 0.0677939
0.0777085 0.174029
0.0226148 0.136617
0.156091 0.131742
0.083137 0.0803102
0.134539 0.0919963
0.035983 0.143691
0.0786507 0.12459
0.0402543 0.171227
0.129527 0.106371
0.132355 0.185432
0.00364841 0.152225
0.157561 0.192292
0.021337 0.16379
0.0611864 0.185849
0.0923846 0.0930577
0.00634355 0.187649
0.103321 0.140797
0.0735348 0.159097
0.173348 0.116864
0.123153 0.177014
0.0136806 0.173346
0.115014 0.120677
0.149199 0.0176691
0.0261239 0.0743792
0.0259192 0.178303
0.139699 0.137938
0.13624 0.0613089
0.171294 0.187698
0.152709 0.107443
0.13077 0.160713
0.0424986 0.130179
0.192512 0.0651045
0.166562 0.0990045
0.0925649 0.149588
0.113357 0.175539
0.00551809 0.00875424
0.0680466 0.137783
0.0748425 0.114042
0.113101 0.0932196
0.176953 0.198993
0.194598 0.135978
0.189488 0.119929
0.187732 0.0894711
0.0172176 0.0162354
0.174067 0.141991
0.170776 0.167508
0.0459364 0.112003
0.0452301 0.0685481
0.110176 0.0338112
0.00612717 0.0310472
0.158101 0.163719
0.115364 0.00376922
0.0972167 0.0508325
0.0539167 0.0721132
0.140167 0.150478
0.121985 0.0779828
0.0575212 0.0892709
0.0457647 0.0233822
0.0948977 0.0350987
0.0965004 0.00706862
0.136874 0.0145513
0.08606 0.0721414
0.0659182 0.00607269
0.0818245 0.0077448
0.0136528 0.154251
0.0706482 0.0327537
0.0595423 0.0228794
0.00810302 0.101472
0.0120742 0.0460011
0.112733 0.0792633
0.139028 0.0804115
0.0749215 0.0705277
0.146141 0.0663025
0.0981186 0.103601
0.033776 0.0210342
0.188218 0.188654
0.129459 0.0402469
0.162376 0.039234
0.129413 0.0595563
0.0350149 0.00943848
0.12385 0.136164
0.0170061 0.127315
0.159334 0.117538
0.0930367 0.0620028
0.0660318 0.0479053
0.177022 0.0417539
0.147123 0.128315
0.084588 0.0306853
0.0738304 0.0877405
0.128264 0.0713012
0.0868005 0.0408522
0.158036 0.0607259
0.0195689 0.0594875
0.0539574 0.169903
0.190193 0.102817
0.0199976 0.117792
0.150032 0.0329859
0.0790984 0.0227579
0.152148 0.00130161
0.100552 0.0692688
0.0811148 0.179355
0.021671 0.139937
0.158554 0.13719
0.081757 0.0814171
0.132712 0.0933453
0.037629 0.145866
0.0807951 0.125502
0.0445935 0.177271
0.132821 0.106856
0.132825 0.185842
0.000911154 0.14956
0.157002 0.195768
0.0232738 0.161635
0.0626107 0.184514
0.0908517 0.0918462
0.00663963 0.188193
0.104013 0.142977
0.0779336 0.156861
0.168391 0.11639
0.127867 0.176474
0.0124427 0.177984
0.115818 0.115016
0.15445 0.0145098
0.0283331 0.0747233
0.0253425 0.178372
0.138166 0.136043
0.142753 0.0548813
0.171598 0.189004
0.151855 0.10214
0.126377 0.158819
0.0421799 0.128605
0.191582 0.0663597
0.167594 0.101902
0.0978157 0.151124
0.113561 0.176777
0.00607808 0.00984151
0.0704931 0.134369
0.0695403 0.115049
0.112784 0.0920098
0.17392 0.199893
0.19752 0.130048
0.185343 0.118446
0.185281 0.0929214
0.0210519 0.0107552
0.175428 0.139906
0.173988 0.167783
0.0493771 0.114103
0.0404281 0.0691829
0.106172 0.0340676
0.00324375 0.0308359
0.161898 0.166218
0.114649 0.00364615
0.0955462 0.0447878
0.0549271 0.0715684
0.144991 0.151884
0.12442 0.0801064
0.0569212 0.086661
0.0461083 0.0241293
0.0953583 0.035867
0.0977004 0.00604121
0.135612 0.0137413
0.0889625 0.0711243
0.0690639 0.00299725
0.081518 0.0108425
0.0155037 0.152251
0.0701863 0.0306178
0.0620977 0.025607
0.00908998 0.106964
0.0133059 0.0478014
0.108955 0.0806605
0.142243 0.078358
0.0720243 0.065831
0.144868 0.0673169
0.0990618 0.102449
0.0307318 0.0209755
0.185329 0.190018
0.129794 0.0408755
0.16047 0.0395934
0.133478 0.0614489
0.0377912 0.00974131
0.12561 0.135567
0.0191411 0.129963
0.15432 0.117595
0.0936993 0.0618524
0.0692992 0.0494517
0.17539 0.0390754
0.146661 0.12564
0.0874056 0.0287577
0.0700295 0.0896804
0.134512 0.0720195
0.0840616 0.0394502
0.159696 0.0625593
0.0207082 0.0621017
0.0496987 0.168587
0.196665 0.10219
0.0189529 0.115819
0.14855 0.0337863
0.0805629 0.0202774
0.149408 0.00191986
0.0993086 0.0707436
0.0845211 0.184681
0.0207273 0.143257
0.164728 0.144227
0.080992 0.0876442
0.130885 0.0946943
0.039275 0.14804
0.0843777 0.128848
0.0489327 0.183314
0.136115 0.107342
0.135914 0.18992
0.00211248 0.146761
0.156443 0.199244
0.0252106 0.159479
0.064035 0.183179
0.0911962 0.0918486
0.00604286 0.190157
0.105837 0.143349
0.0823325 0.154624
0.169366 0.115169
0.13154 0.172466
0.0120977 0.181201
0.116622 0.109355
0.159701 0.0113504
0.0305423 0.0750674
0.0247658 0.178441
0.136583 0.134226
0.149267 0.0484536
0.1719 0.189678
0.151 0.0968362
0.121985 0.156924
0.0418612 0.127031
0.190653 0.0676149
0.168625 0.104798
0.101934 0.154468
0.112188 0.177814
0.00663808 0.0109288
0.0729395 0.130955
0.0627999 0.113621
0.112467 0.0908001
0.170889 0.199838
0.199557 0.124118
0.181198 0.116963
0.182829 0.0963716
0.0248862 0.00527509
0.176788 0.137821
0.18201 0.169034
0.0489559 0.117302
0.0379299 0.0678181
0.106227 0.034391
0.000360338 0.0306246
0.160885 0.16774
0.113933 0.0110615
0.0939981 0.0461427
0.0559891 0.0710428
0.149814 0.153291
0.127743 0.0821453
0.0563212 0.084051
0.0464518 0.0248765
0.0965653 0.0327958
0.0989004 0.00501381
0.13435 0.0129314
0.0888977 0.0702242
0.0722096 7.81946e-05
0.0819912 0.00717186
0.0151232 0.154031
0.0736272 0.0307533
0.0607502 0.0260631
0.00880914 0.112017
0.0145375 0.0496017
0.10427 0.0821605
0.147955 0.0783339
0.069127 0.0611344
0.146348 0.0669134
0.100412 0.101906
0.0276876 0.0209169
0.182439 0.191382
0.130129 0.041504
0.162153 0.0371547
0.137448 0.0622128
0.0405675 0.0100441
0.126029 0.135257
0.0210153 0.13368
0.15108 0.115366
0.0944627 0.061492
0.0725666 0.0509981
0.173758 0.0363969
0.144282 0.125271
0.0883286 0.0250449
0.0662285 0.0916203
0.135624 0.073237
0.0811743 0.0382494
0.161357 0.0643927
0.0218475 0.0647159
0.04544 0.167271
0.196863 0.101563
0.0194269 0.113117
0.147068 0.0345868
0.0783634 0.0225219
0.146667 0.00253811
0.100931 0.0723115
0.0879274 0.190008
0.0220249 0.142896
0.170902 0.151263
0.0762204 0.0913836
0.129058 0.0960432
0.040921 0.150214
0.0879603 0.132194
0.0532718 0.189358
0.139409 0.107827
0.139002 0.193998
0.00513611 0.143962
0.155885 0.197279
0.0271474 0.157324
0.0654593 0.181844
0.0951398 0.0937297
0.00403045 0.19436
0.108082 0.14303
0.0867314 0.152387
0.168148 0.116622
0.135212 0.168459
0.0131683 0.18218
0.117425 0.103693
0.164951 0.00819113
0.0303961 0.0773918
0.0241891 0.17851
0.136342 0.132122
0.152191 0.044824
0.172216 0.18878
0.150146 0.0915328
0.117593 0.15503
0.0415425 0.125457
0.189723 0.0688701
0.169416 0.104808
0.105633 0.158503
0.110814 0.178852
0.00719807 0.012016
0.075386 0.127542
0.0599214 0.111094
0.11215 0.0895904
0.167843 0.198859
0.196635 0.118188
0.179631 0.115675
0.180378 0.0998219
0.0287205 0.000205041
0.178148 0.135736
0.190031 0.170286
0.047561 0.118207
0.037301 0.0648368
0.110182 0.0350739
0.00252308 0.0304133
0.159872 0.169262
0.113218 0.0184769
0.0924446 0.0477863
0.0570511 0.0705172
0.154638 0.154698
0.130778 0.084724
0.0557211 0.0814411
0.0467954 0.0256236
0.098552 0.0329087
0.1001 0.0039864
0.133089 0.0121214
0.0876241 0.0694069
0.0732773 0.00228274
0.0845423 0.00437213
0.0139226 0.157196
0.072407 0.0308783
0.0589279 0.0262544
0.00557643 0.116115
0.0157692 0.051402
0.0997685 0.0837417
0.154526 0.0781897
0.0657211 0.0571283
0.150274 0.0658855
0.104072 0.104853
0.0246434 0.0208582
0.180686 0.193197
0.130465 0.0421326
0.163905 0.0303328
0.140717 0.0615747
0.0433439 0.010347
0.124846 0.135302
0.0223079 0.132232
0.150471 0.112189
0.0952893 0.0610012
0.0763427 0.051854
0.177195 0.0340994
0.143942 0.123529
0.0883895 0.0196688
0.0616687 0.0935513
0.134648 0.0754273
0.0817907 0.0407477
0.163018 0.0662261
0.0229868 0.06733
0.0411812 0.165955
0.190391 0.100936
0.0228529 0.111369
0.145585 0.0353872
0.0739833 0.0191736
0.143926 0.00315636
0.103668 0.0734987
0.0913337 0.195334
0.024724 0.146315
0.177075 0.1583
0.0722076 0.095132
0.127501 0.0973437
0.042567 0.152389
0.0915428 0.135541
0.057611 0.195401
0.141428 0.107614
0.142091 0.198076
0.00815974 0.141163
0.155326 0.193803
0.0290842 0.155168
0.0668835 0.180509
0.0966237 0.0924672
0.00201803 0.198563
0.110326 0.142712
0.0911303 0.15015
0.163721 0.119132
0.138885 0.164452
0.014239 0.183159
0.117959 0.0980805
0.170202 0.00503182
0.0283807 0.0813328
0.0236124 0.178579
0.134305 0.132683
0.149976 0.0451966
0.171396 0.18743
0.149066 0.0868632
0.113273 0.153043
0.0377175 0.127537
0.188794 0.0701253
0.168687 0.103873
0.109258 0.162631
0.109441 0.179889
0.00775806 0.0131033
0.0778325 0.124128
0.061523 0.107207
0.111833 0.0883807
0.164798 0.197555
0.193713 0.112258
0.18138 0.114598
0.179339 0.102948
0.0325548 0.00568518
0.179509 0.133651
0.198053 0.171537
0.0479054 0.117311
0.0366721 0.0618556
0.114139 0.0357572
0.00540649 0.030202
0.158859 0.170785
0.112503 0.0258923
0.0914799 0.0498348
0.0582042 0.069657
0.159461 0.156104
0.132852 0.0891757
0.05503 0.0791657
0.0471389 0.0263707
0.100537 0.0330213
0.1013 0.00295899
0.131827 0.0113115
0.0863505 0.0685897
0.0717684 0.00345712
0.08967 0.00260258
0.0127221 0.16036
0.0695287 0.0297405
0.0571055 0.0264457
0.00234373 0.120213
0.0170009 0.0532022
0.0972038 0.0805816
0.161729 0.0763903
0.0619915 0.0535448
0.154436 0.0649759
0.107731 0.107801
0.0215992 0.0207995
0.179781 0.19536
0.1308 0.0427612
0.16249 0.023235
0.143751 0.0608181
0.0461202 0.0106498
0.121553 0.1359
0.0233394 0.130471
0.154431 0.111484
0.0961158 0.0605104
0.0800571 0.0531091
0.1838 0.0320779
0.144908 0.120622
0.0884504 0.0142927
0.056912 0.0954782
0.134633 0.0757448
0.0837242 0.0436242
0.164878 0.0675919
0.0241261 0.0699442
0.0370322 0.16483
0.187183 0.0978346
0.0262788 0.109622
0.144103 0.0361877
0.0697408 0.0154831
0.141185 0.0037746
0.106389 0.0744502
0.09474 0.19934
0.0253021 0.146018
0.183249 0.165337
0.0693689 0.0979682
0.129065 0.0982571
0.044213 0.154563
0.0951216 0.138776
0.0619502 0.198555
0.138876 0.104927
0.14518 0.197847
0.0111834 0.138365
0.154044 0.189956
0.0330695 0.156845
0.0683078 0.179174
0.0961857 0.0961817
5.61626e-06 0.197235
0.112518 0.141177
0.0955329 0.148025
0.159294 0.121643
0.142558 0.160445
0.0150162 0.184318
0.116568 0.0946941
0.175453 0.00187251
0.0263653 0.0852737
0.0233292 0.178468
0.133075 0.133857
0.147762 0.0455692
0.169728 0.185733
0.147153 0.0843164
0.109203 0.152016
0.0323772 0.131427
0.187864 0.0713805
0.165393 0.103488
0.112686 0.167015
0.108068 0.180926
0.00831806 0.0141906
0.0802789 0.120714
0.0621474 0.104236
0.110319 0.0853316
0.162477 0.196623
0.191274 0.107372
0.18351 0.114341
0.176738 0.106136
0.036389 0.0111653
0.180869 0.131566
0.196653 0.173392
0.0482498 0.116414
0.0360431 0.0588743
0.119278 0.0405044
0.00828991 0.0299907
0.157846 0.172307
0.11077 0.0291646
0.09233 0.0521469
0.0596819 0.0676512
0.164285 0.157511
0.135972 0.0913009
0.0540143 0.0780359
0.0457527 0.0271228
0.102358 0.033213
0.103934 0.00205641
0.130566 0.0105015
0.0850769 0.0677724
0.0706001 0.0038998
0.0933967 0.000649136
0.0115216 0.163524
0.0666503 0.0286027
0.057013 0.0266321
0.000888976 0.12431
0.0182325 0.0550025
0.0946601 0.0773539
0.166976 0.0795772
0.0582619 0.0499613
0.158597 0.0640664
0.11139 0.110748
0.018555 0.0207409
0.178875 0.197523
0.131135 0.0433898
0.161074 0.0161371
0.146784 0.0600616
0.0488965 0.0109527
0.12203 0.134138
0.0186813 0.127734
0.158021 0.111329
0.097749 0.0616079
0.0825005 0.0571212
0.190405 0.0300565
0.145874 0.117715
0.0884787 0.00897562
0.0521552 0.0974051
0.134617 0.0760622
0.0843074 0.041892
0.168694 0.0639714
0.0252654 0.0725584
0.0360979 0.170158
0.185089 0.0915793
0.0297048 0.107875
0.142463 0.0365629
0.0651578 0.0125243
0.138444 0.00439285
0.108269 0.0713247
0.0981463 0.194014
0.0254044 0.144856
0.186694 0.171771
0.0723069 0.0955119
0.127343 0.100425
0.045859 0.156737
0.098456 0.136852
0.0662894 0.192512
0.138584 0.103313
0.147922 0.194274
0.0139242 0.135955
0.152752 0.185418
0.0343158 0.152932
0.0697321 0.177839
0.0957267 0.0999639
0.0020068 0.193032
0.110579 0.141243
0.0970888 0.15028
0.154867 0.124154
0.146231 0.156437
0.0152923 0.185788
0.116494 0.0933572
0.180704 0.0012868
0.0243499 0.0892147
0.023547 0.178046
0.132182 0.134945
0.145705 0.0463669
0.168061 0.184036
0.145241 0.0817695
0.108246 0.15261
0.0330092 0.135904
0.186934 0.0726357
0.16247 0.102553
0.116115 0.171399
0.106694 0.181964
0.00887805 0.0152778
0.0827254 0.1173
0.0569951 0.106558
0.108312 0.0843104
0.160511 0.195877
0.189884 0.104767
0.186502 0.115846
0.171111 0.108433
0.0402233 0.0166454
0.18223 0.129481
0.196953 0.177715
0.0477809 0.116783
0.0354142 0.055893
0.122514 0.0462116
0.0111733 0.0297794
0.157757 0.172268
0.112705 0.0295408
0.0921596 0.0521817
0.0611595 0.0656454
0.169108 0.158918
0.139288 0.0930034
0.0529986 0.0769061
0.0439475 0.0278772
0.100201 0.0353211
0.108993 0.00137421
0.128009 0.010687
0.0840507 0.0701065
0.0704792 0.00220273
0.0971862 0.0015357
0.0103211 0.166689
0.0665656 0.0280063
0.0545458 0.0262746
0.00412168 0.128408
0.0194642 0.0568028
0.0923248 0.0742511
0.172216 0.0827892
0.0545323 0.0463777
0.162759 0.0631568
0.115049 0.113696
0.0170562 0.0216408
0.17797 0.199686
0.133683 0.0440381
0.159659 0.00903929
0.149818 0.0593051
0.0511072 0.0112174
0.122508 0.131177
0.0162924 0.121333
0.157804 0.114887
0.100217 0.0648418
0.0843812 0.0579359
0.19701 0.028035
0.14684 0.114807
0.0860186 0.00713755
0.0473984 0.0993321
0.134362 0.0762922
0.0848906 0.0401597
0.172517 0.0603259
0.0264047 0.0751725
0.0352422 0.175674
0.182996 0.0853241
0.0331307 0.106128
0.140748 0.0367333
0.0600931 0.0117433
0.136999 0.00401565
0.109904 0.065514
0.100636 0.190033
0.0249088 0.144072
0.178452 0.175735
0.075245 0.0930556
0.122901 0.101859
0.047505 0.158912
0.101548 0.134422
0.0706286 0.186468
0.140816 0.102855
0.149468 0.192386
0.0142487 0.137183
0.151662 0.180735
0.0354969 0.148933
0.0711564 0.176504
0.0952677 0.103746
0.00401922 0.188829
0.10734 0.142455
0.0927001 0.151335
0.15044 0.126664
0.149904 0.15243
0.0155684 0.187258
0.116419 0.0920202
0.185955 0.00444612
0.0223345 0.0931557
0.0237649 0.177624
0.132815 0.136322
0.143723 0.0473696
0.166393 0.182339
0.143568 0.0793101
0.11325 0.154677
0.034373 0.139927
0.186005 0.0738909
0.161386 0.0986769
0.119544 0.175783
0.106237 0.181656
0.00789271 0.0154066
0.0851719 0.113886
0.052656 0.107614
0.106842 0.0860365
0.158616 0.195151
0.188494 0.102161
0.189495 0.117351
0.16745 0.109959
0.043396 0.0202294
0.18359 0.127396
0.190558 0.182039
0.0451117 0.120665
0.0347852 0.0529117
0.12282 0.0519382
0.0125779 0.0317147
0.160406 0.167743
0.114748 0.0298657
0.093768 0.0509017
0.0626371 0.0636397
0.173932 0.160324
0.14235 0.0928932
0.051983 0.0757763
0.0424329 0.0312703
0.0979362 0.0374805
0.114052 0.000692007
0.125136 0.011115
0.0788429 0.0721022
0.0703583 0.000505665
0.101809 0.0028689
0.00912054 0.169853
0.0670094 0.02751
0.0515499 0.0258171
0.00730003 0.132461
0.0206958 0.0586031
0.0937199 0.0742045
0.172433 0.0861247
0.0508027 0.0427942
0.16692 0.0622473
0.118708 0.116643
0.0186497 0.0214009
0.177064 0.198151
0.133359 0.0451697
0.158244 0.00194145
0.152851 0.0585486
0.045917 0.0102595
0.12242 0.128099
0.0139035 0.114933
0.154779 0.120684
0.100812 0.0669159
0.0842296 0.0581029
0.196385 0.0260135
0.146709 0.112175
0.0827258 0.00625775
0.0428339 0.0989168
0.131735 0.0756993
0.0854737 0.0384275
0.176341 0.0566803
0.027544 0.0777867
0.0343864 0.18119
0.18454 0.0835018
0.0353268 0.105256
0.140682 0.0347682
0.0628002 0.0114425
0.13587 0.00339598
0.114117 0.0601077
0.0995246 0.191358
0.0229938 0.144156
0.172939 0.178637
0.078183 0.0905993
0.118458 0.103292
0.049151 0.161086
0.103409 0.130608
0.0749741 0.184187
0.142939 0.10342
0.148223 0.189995
0.0146276 0.138455
0.147838 0.180188
0.0375139 0.151818
0.0725744 0.171406
0.0957296 0.106997
0.00603163 0.184627
0.105331 0.145051
0.0883114 0.152389
0.146012 0.129175
0.153577 0.148423
0.0158444 0.188729
0.116344 0.0906833
0.191206 0.00760543
0.0203191 0.0970966
0.0239828 0.177201
0.134014 0.137817
0.145894 0.0500051
0.161996 0.181704
0.144267 0.0776737
0.118254 0.156743
0.0363202 0.136198
0.18646 0.0705897
0.160303 0.0948011
0.122973 0.180167
0.109382 0.176042
0.0052938 0.0145285
0.0866974 0.111004
0.051555 0.106624
0.105372 0.0877626
0.159508 0.19528
0.187104 0.0995562
0.192487 0.118856
0.168057 0.10976
0.0410633 0.0207813
0.18495 0.125311
0.184164 0.186363
0.0425096 0.124428
0.0341563 0.0499305
0.127967 0.0550199
0.0135618 0.034267
0.163055 0.163217
0.116791 0.0301905
0.0954143 0.0495936
0.0641148 0.0616339
0.178755 0.161731
0.145468 0.0899877
0.0509673 0.0746465
0.0391173 0.0356794
0.0956715 0.0396398
0.119111 9.80342e-06
0.122263 0.0115429
0.0735377 0.0740559
0.0702374 0.0011914
0.106431 0.00420209
0.00798527 0.171902
0.0674533 0.0270137
0.0526975 0.0281503
0.00665344 0.133402
0.0219275 0.0604034
0.0930496 0.0765021
0.170458 0.089572
0.0491327 0.0408301
0.171081 0.0613377
0.121632 0.116284
0.0206639 0.020544
0.176159 0.195989
0.131067 0.0461308
0.156828 0.00515638
0.157073 0.0589828
0.0417407 0.00690265
0.123068 0.128327
0.0115146 0.108533
0.152658 0.126821
0.10357 0.0666876
0.0840401 0.0582981
0.18978 0.023992
0.148068 0.114525
0.0794329 0.00537794
0.0438606 0.0940752
0.129096 0.0751028
0.0860569 0.0366953
0.180165 0.0530348
0.0286833 0.0804009
0.0335307 0.186706
0.187091 0.0856053
0.0317923 0.108626
0.141049 0.0322267
0.0655968 0.0111465
0.13474 0.00277631
0.113433 0.057463
0.0984128 0.192683
0.0252004 0.147053
0.172295 0.179699
0.0811211 0.088143
0.114016 0.104726
0.050797 0.16326
0.105271 0.126795
0.0793319 0.182824
0.142613 0.101458
0.146802 0.189838
0.0147098 0.140026
0.143997 0.177427
0.0395831 0.15516
0.0739801 0.16539
0.100495 0.107899
0.0079788 0.18154
0.103322 0.147647
0.0839227 0.153444
0.141585 0.131686
0.157249 0.144415
0.0161205 0.190199
0.116269 0.0893463
0.196457 0.0107647
0.0183037 0.101038
0.0242006 0.176779
0.135213 0.139311
0.148468 0.0520801
0.152793 0.182846
0.144978 0.0760408
0.123258 0.15881
0.0381481 0.132132
0.1881 0.0632508
0.15922 0.0909253
0.126401 0.184551
0.112526 0.170428
0.0026949 0.0136504
0.0839195 0.110471
0.0505932 0.105818
0.103902 0.0894887
0.160531 0.195454
0.185714 0.096951
0.195479 0.120361
0.168664 0.109562
0.0378072 0.0207145
0.186311 0.123226
0.180547 0.187319
0.0441394 0.120717
0.0335274 0.0469492
0.134951 0.0597178
0.0145457 0.0368193
0.165703 0.158692
0.118834 0.0305154
0.0971933 0.0511088
0.0655924 0.0596282
0.183579 0.163137
0.148656 0.0858555
0.0499516 0.0735167
0.0315904 0.0369062
0.0947527 0.0395889
0.12417 0.0006724
0.11939 0.0119709
0.0682325 0.0760097
0.0675318 0.000851631
0.111053 0.00553529
0.00711182 0.167571
0.0678972 0.0265173
0.0547683 0.0311025
0.00514122 0.133642
0.0231592 0.0622037
0.0923793 0.0787998
0.168484 0.0930192
0.0516741 0.0420483
0.175243 0.0604282
0.123845 0.112653
0.0226781 0.0196871
0.172476 0.197193
0.129962 0.0438505
0.155413 0.0122542
0.162454 0.0605635
0.0375645 0.00354576
0.124425 0.131826
0.00529669 0.105218
0.150537 0.132958
0.106327 0.0664593
0.0838506 0.0584932
0.183176 0.0219705
0.149427 0.116875
0.0789247 0.00568412
0.0448873 0.0892337
0.126457 0.0745062
0.0851615 0.0343501
0.183702 0.0490551
0.0298226 0.083015
0.032675 0.192221
0.190104 0.0865701
0.0282578 0.111997
0.141415 0.0296853
0.0681936 0.0117013
0.133611 0.00215664
0.109726 0.0564434
0.097301 0.194008
0.0288241 0.150919
0.17165 0.18076
0.0840591 0.0856867
0.112686 0.105048
0.052443 0.165435
0.107133 0.122981
0.0836896 0.181461
0.142209 0.100722
0.141795 0.194051
0.0142405 0.141329
0.1393 0.174085
0.0416522 0.158502
0.0741997 0.160782
0.102147 0.109912
0.00963225 0.1848
0.101313 0.150243
0.0807202 0.153091
0.139119 0.131485
0.160922 0.140408
0.0164285 0.191702
0.116194 0.0880094
0.198293 0.0139241
0.0201173 0.101893
0.0244185 0.176357
0.13445 0.143516
0.149883 0.0530086
0.148031 0.180199
0.145689 0.0744079
0.128262 0.160877
0.0357441 0.13554
0.190026 0.056246
0.158144 0.0870504
0.12983 0.188935
0.115671 0.164815
9.59938e-05 0.0127724
0.0811415 0.109937
0.0496315 0.105012
0.102432 0.0912148
0.161555 0.195627
0.183862 0.0954844
0.198472 0.121866
0.169271 0.109363
0.0345512 0.0206476
0.187671 0.121141
0.180067 0.185206
0.0460189 0.116565
0.0332591 0.0448532
0.141911 0.0644744
0.0153199 0.0394149
0.168352 0.154166
0.120877 0.0308403
0.0976621 0.0528527
0.06707 0.0576224
0.188402 0.164544
0.148263 0.0818899
0.048936 0.0723869
0.0239125 0.0372044
0.0943979 0.0390986
0.123804 0.000525921
0.119616 0.0154299
0.0629273 0.0779635
0.0641748 0.000752486
0.112576 0.00383746
0.00623837 0.163241
0.0683411 0.026021
0.0568628 0.0339714
0.003629 0.133883
0.0243908 0.064004
0.094742 0.0788299
0.166509 0.0964665
0.0541917 0.0433497
0.179404 0.0595186
0.126059 0.109023
0.0246923 0.0188301
0.169439 0.197125
0.128874 0.0415001
0.153997 0.0193521
0.167835 0.0621442
0.0333882 0.000188875
0.125782 0.135326
0.00190146 0.102647
0.148416 0.139095
0.109085 0.066231
0.0836611 0.0586884
0.176571 0.019949
0.150786 0.119224
0.0792662 0.00634704
0.045914 0.0843921
0.123817 0.0739097
0.0836565 0.0317426
0.184783 0.042239
0.0309619 0.0856292
0.0318193 0.197737
0.193753 0.0860392
0.0247234 0.115367
0.141781 0.0271438
0.0705919 0.0131637
0.137907 0.00236565
0.107374 0.0558967
0.0961891 0.195333
0.0324479 0.154784
0.170573 0.181611
0.0839641 0.0854979
0.11646 0.103503
0.054089 0.167609
0.108995 0.119167
0.0880473 0.180099
0.141806 0.0999853
0.138886 0.199752
0.0137712 0.142632
0.134338 0.171313
0.0437214 0.161844
0.0696937 0.161774
0.0986963 0.113792
0.00978645 0.18654
0.0993036 0.15284
0.0822432 0.147138
0.13709 0.130658
0.164595 0.136401
0.0182358 0.194724
0.11612 0.0866724
0.193042 0.0170834
0.0229112 0.102006
0.0246363 0.175935
0.133252 0.148349
0.151298 0.0539372
0.144022 0.177638
0.146254 0.0721205
0.132987 0.162004
0.0330906 0.13939
0.194409 0.0520777
0.160803 0.0836748
0.130952 0.191618
0.118816 0.159201
0.00250291 0.0118943
0.0783635 0.109404
0.0486697 0.104206
0.100962 0.0929409
0.15923 0.194602
0.181374 0.0955136
0.198536 0.123371
0.169878 0.109165
0.0351516 0.0214437
0.188044 0.118589
0.180698 0.183617
0.0478904 0.112713
0.0331232 0.0430622
0.143502 0.0594977
0.00876016 0.0439048
0.171001 0.149641
0.122884 0.0311077
0.0935401 0.053023
0.0685477 0.0556166
0.193226 0.165951
0.148478 0.0855508
0.0480522 0.0704369
0.0234363 0.0353034
0.094043 0.0386083
0.122647 0.00025477
0.121029 0.0200876
0.0576221 0.0799173
0.0608178 0.0023566
0.112889 0.000943136
0.00536491 0.15891
0.068785 0.0255247
0.0594056 0.0352659
0.00211679 0.134124
0.0256225 0.0658043
0.0986717 0.077703
0.164534 0.0999138
0.056261 0.0462256
0.183566 0.0586091
0.128973 0.105733
0.0228501 0.0171102
0.168192 0.190898
0.127822 0.0392071
0.152582 0.0264499
0.173215 0.0637249
0.029212 0.00316801
0.127139 0.138826
0.00909961 0.100075
0.146295 0.145232
0.111929 0.0664121
0.0834717 0.0588836
0.169966 0.0179275
0.152144 0.121574
0.0796077 0.00700997
0.0468089 0.0803708
0.121178 0.0733132
0.0821515 0.0291352
0.185862 0.0354206
0.0321012 0.0882434
0.0309635 0.196747
0.197402 0.0855082
0.0211889 0.118737
0.142147 0.0246024
0.0729903 0.0146261
0.143017 0.00269711
0.109527 0.0565141
0.0950773 0.196658
0.0360716 0.158649
0.168387 0.181798
0.0823022 0.0864662
0.119535 0.101618
0.055735 0.169783
0.110857 0.115353
0.0924051 0.178736
0.141403 0.099249
0.139462 0.191152
0.0133019 0.143935
0.130152 0.175482
0.0457905 0.165185
0.0651877 0.162766
0.0952453 0.117671
0.0098503 0.188189
0.0972946 0.155436
0.0837662 0.141184
0.13506 0.12983
0.168268 0.132394
0.0201333 0.197838
0.116045 0.0853355
0.187791 0.0202427
0.025705 0.102118
0.0248542 0.175512
0.131056 0.148806
0.152713 0.0548657
0.140996 0.175321
0.151165 0.071882
0.136948 0.160322
0.030437 0.143239
0.198794 0.0479118
0.163875 0.0803571
0.128589 0.191746
0.12196 0.153587
0.00510182 0.0110163
0.0755855 0.108871
0.0477158 0.1031
0.099492 0.0946671
0.155111 0.192892
0.178887 0.0955428
0.196531 0.125344
0.170484 0.108967
