0,006206
0,013082
0,008865
0,012222
0,014169
0,037312
0,041647
0,049006
0,053896
0,060513
0,066323
0,073933
0,036911
0,04771
0,04106
0,052669
0,04701
0,050353
0,048919
0,121557
0,05401
0,056424
0,058895
0,06056
0,062666
0,065295
0,069051
0,070616
0,072489
0,075319
0,078368
0,079335
0,092019
0,09422
0,096895
0,099688
0,102383
0,102757
0,109983
0,108692
0,112811
0,267082
0,287019
0,296022
0,300516
0,115591
0,279398
0,121865
0,292187
0,305402
0,323327
0,316029
0,146695
0,361892
0,36365
0,373849
0,154636
0,153821
0,160464
0,157709
0,162796
0,168276
0,166876
0,164339
0,17095
0,404626
0,180761
0,185505
0,18625
0,448104
0,474623
0,205305
0,474198
0,451165
0,457988
0,483899
0,486717
0,213239
0,514964
0,221083
0,215764
0,21802
0,528708
0,550883
0,460202
0,407535
0,233331
0,548369
0,241882
0,58008
0,244443
0,600892
0,603678
0,648488
0,530168
0,412605
0,602822
0,608308
0,282888
0,290261
